140	1.2	1
-3.141593	1.812176	0.656819
0.000000	0.000000	0.000000
5SX4_antibody_no.pdb	-16.218	-7.096	36.669
5SX4_EGFR_no.pdb	31.689	16.311	-63.465
-1.570796	1.247695	1.809890	112	137	103	1.495
-1.832596	1.247695	1.809890	111	0	103	0.975
-2.356194	1.113094	-0.272241	109	134	105	0.975
-2.617994	2.187132	-0.479875	119	125	105	0.975
-0.785398	1.510910	-0.740472	104	114	124	0.909
0.523599	2.001437	0.381215	121	3	99	0.909
-2.356194	2.760637	2.781135	116	130	106	0.843
-1.570796	1.168678	2.108595	121	129	101	0.748
-3.141593	0.370812	-2.547742	109	126	116	0.748
0.261799	2.001437	0.381215	108	135	107	0.748
0.523599	0.290380	-0.796960	119	138	103	0.748
1.047198	1.545873	-1.877082	116	130	101	0.748
2.356194	2.104282	-0.813972	110	139	101	0.748
0.000000	0.992645	-1.723759	112	134	101	0.748
-1.832596	2.404280	-0.174044	6	92	124	0.748
-1.308997	1.741644	-2.695914	118	136	112	0.748
1.047198	2.592629	0.909713	110	139	103	0.748
-2.617994	0.929350	-2.910676	123	2	106	0.748
0.261799	2.295480	1.008277	9	110	116	0.748
2.356194	1.606104	-0.451151	119	26	101	0.748
0.261799	0.290380	-0.796960	118	0	103	0.748
-2.356194	2.664082	-1.071402	14	97	121	0.748
-2.094395	2.001437	0.381215	119	1	99	0.748
-1.570796	0.850607	-1.335383	118	21	100	0.748
-2.356194	1.247695	1.809890	3	97	126	0.748
1.047198	0.290380	-0.796960	122	136	103	0.748
-1.570796	2.592629	0.909713	124	136	103	0.747
-1.047198	2.356369	3.005869	117	134	110	0.747
1.047198	1.135813	-2.658866	113	135	105	0.747
0.000000	1.135813	-2.658866	119	23	105	0.747
2.879793	2.251330	-2.330739	19	101	124	0.747
-2.356194	0.850607	-1.335383	125	30	100	0.747
-1.832596	1.875281	0.107086	5	4	95	0.747
0.000000	2.379497	0.561089	4	111	113	0.747
2.879793	1.433411	-1.035986	112	137	105	0.747
1.308997	1.875281	0.107086	121	1	95	0.747
0.785398	0.290380	-0.796960	120	137	103	0.747
0.523599	2.393226	1.857173	14	110	120	0.747
-2.879793	1.875281	0.107086	9	102	118	0.747
-1.570796	1.721184	-0.153948	4	94	118	0.747
0.785398	0.571433	-1.188419	12	100	118	0.682
1.308997	2.001437	0.381215	121	8	96	0.681
1.832596	2.393226	1.857173	135	6	99	0.681
0.000000	0.960688	-0.577532	12	104	114	0.681
-0.523599	0.961715	0.014085	16	100	122	0.681
1.047198	2.153910	-1.714959	105	110	119	0.616
-2.094395	1.574060	2.783565	109	124	24	0.455
-2.356194	1.574060	2.783565	109	128	24	0.455
1.832596	1.836682	-0.676006	19	127	107	0.455
0.785398	1.113094	-0.272241	24	5	107	0.454
-1.308997	2.187132	-0.479875	23	126	107	0.454
0.523599	2.704512	1.488683	23	3	109	0.454
2.356194	2.379497	0.561089	126	31	35	0.454
-1.832596	0.203748	0.590255	103	131	11	0.454
2.617994	1.836682	-0.676006	23	137	107	0.454
-2.356194	1.699788	2.452890	105	126	19	0.454
0.000000	2.295480	1.008277	21	135	105	0.454
0.000000	2.407836	1.410646	30	0	112	0.454
1.832596	1.683268	0.374177	112	109	118	0.389
-1.832596	1.599406	1.426070	117	130	105	0.388
-2.617994	1.875281	0.107086	110	128	113	0.388
-2.094395	2.041297	-2.664597	125	138	109	0.322
-1.570796	1.135813	-2.658866	118	15	102	0.256
0.000000	0.685216	-1.712745	102	114	128	0.256
2.617994	1.450119	-2.739050	102	127	22	0.228
-2.879793	2.456751	-1.503343	20	34	107	0.228
-2.617994	2.001437	0.381215	20	34	104	0.228
-1.308997	0.899350	-2.069907	3	49	30	0.228
1.047198	1.658653	-2.409879	7	44	33	0.228
-2.617994	1.872854	1.543456	112	125	30	0.228
1.570796	0.619654	-2.216909	103	105	134	0.228
-2.356194	1.135813	-2.658866	19	27	102	0.228
0.785398	2.164094	-2.991358	22	31	109	0.228
1.570796	0.850607	-1.335383	22	133	102	0.228
-0.261799	0.850607	-1.335383	138	10	97	0.228
-1.832596	2.587733	0.232235	117	117	119	0.228
-2.879793	0.850607	-1.335383	7	36	97	0.228
-0.785398	2.251330	-2.330739	103	124	22	0.228
-3.141593	2.108018	1.311430	108	133	26	0.228
-2.879793	1.135813	-2.658866	6	36	34	0.228
2.879793	0.850607	-1.335383	14	34	97	0.228
2.617994	0.458961	-0.107937	18	25	101	0.228
-2.879793	2.719179	-1.780644	19	36	107	0.228
-1.570796	2.393226	1.857173	26	127	109	0.228
-0.523599	1.184361	0.625864	8	7	97	0.228
1.308997	2.164094	-2.991358	15	38	109	0.228
-0.785398	0.850607	-1.335383	109	106	113	0.228
-1.570796	2.251330	-2.330739	107	139	22	0.227
-1.832596	2.719179	-1.780644	0	40	107	0.227
-1.832596	1.135813	-2.658866	15	33	102	0.227
-2.879793	2.001437	0.381215	23	30	104	0.227
-3.141593	1.545873	-1.877082	23	134	103	0.227
2.356194	0.733948	3.021411	4	39	27	0.227
-0.261799	0.992645	-1.723759	108	107	114	0.227
-3.141593	0.850607	-1.335383	10	36	97	0.227
2.356194	2.299159	2.264663	13	135	110	0.227
2.879793	1.184361	0.625864	0	36	97	0.227
-2.094395	1.025536	1.576859	107	123	15	0.227
-2.617994	0.458961	-0.107937	9	34	101	0.227
-2.356194	0.700570	1.559208	105	121	17	0.227
2.879793	2.456751	-1.503343	24	26	107	0.227
1.570796	1.135813	-2.658866	116	100	118	0.227
-1.570796	1.218453	2.777284	9	47	30	0.227
1.308997	1.440580	2.260026	9	39	100	0.227
0.000000	1.721184	-0.153948	28	1	109	0.227
-3.141593	0.290380	-0.796960	16	138	105	0.227
0.000000	0.850607	-1.335383	121	128	100	0.227
0.000000	0.571433	-1.188419	17	131	104	0.227
-0.785398	1.606104	-0.451151	22	3	102	0.227
-1.570796	2.379497	0.561089	118	109	116	0.227
1.047198	0.850607	-1.335383	16	12	97	0.227
0.000000	1.184361	0.625864	15	10	97	0.227
1.047198	1.184361	0.625864	21	24	97	0.227
-1.832596	0.709924	0.218797	1	27	98	0.227
0.523599	1.184361	0.625864	20	16	97	0.227
2.617994	1.242974	-2.977882	5	35	35	0.227
-3.141593	1.184361	0.625864	137	34	97	0.227
-2.879793	1.545873	-1.877082	23	138	103	0.227
-3.141593	1.872854	1.543456	113	130	30	0.227
2.879793	0.458961	-0.107937	17	28	101	0.227
-3.141593	2.299159	2.264663	12	0	110	0.227
-3.141593	2.041297	-2.664597	1	28	107	0.227
-0.785398	1.732874	-0.951685	6	47	13	0.227
-0.523599	0.418037	1.360082	15	20	101	0.227
-3.141593	0.458961	-0.107937	15	31	101	0.227
-2.617994	0.290380	-0.796960	14	2	105	0.227
-3.141593	2.760637	2.781135	19	30	114	0.227
2.879793	0.709924	0.218797	11	27	98	0.227
0.785398	1.184361	0.625864	21	20	97	0.227
2.879793	2.108018	1.311430	111	137	26	0.227
-2.879793	1.872854	1.543456	112	128	30	0.227
-2.094395	0.418037	1.360082	4	13	101	0.227
0.523599	1.606104	-0.451151	6	30	99	0.227
-2.356194	1.872854	1.543456	113	122	30	0.227
-1.047198	0.418037	1.360082	13	16	101	0.227
0.785398	1.168678	2.108595	19	30	98	0.227
2.879793	1.872854	1.543456	114	133	30	0.227
-2.617994	0.850607	-1.335383	3	36	97	0.227
-0.523599	0.850607	-1.335383	136	12	97	0.227
2.879793	1.875281	0.107086	11	8	96	0.227
-0.261799	1.440580	2.260026	23	19	100	0.227
-1.308997	0.733948	3.021411	116	119	21	0.227
2.356194	1.450119	-2.739050	103	132	22	0.227
0.523599	1.836682	-0.676006	102	18	121	0.227
1.308997	0.418037	1.360082	15	33	103	0.227
-1.047198	2.251330	-2.330739	103	130	22	0.227
-0.523599	0.992645	-1.723759	110	0	101	0.227
1.570796	2.108018	1.311430	9	45	32	0.227
-3.141593	1.448123	-2.163292	14	41	27	0.227
1.832596	1.168678	2.108595	6	37	98	0.227
-0.785398	2.089241	-0.114193	28	127	112	0.227
-1.832596	1.025536	1.576859	4	134	98	0.227
1.570796	1.168678	2.108595	10	36	98	0.227
0.523599	1.440580	2.260026	20	32	100	0.227
0.785398	1.545873	-1.877082	113	132	101	0.227
1.308997	0.709924	0.218797	11	17	98	0.227
-2.617994	2.108018	1.311430	18	126	103	0.227
-2.094395	1.135813	-2.658866	20	5	107	0.227
1.047198	0.418037	1.360082	18	31	103	0.227
-2.617994	2.407836	1.410646	105	131	24	0.227
-2.356194	1.606104	-0.451151	116	129	101	0.227
0.261799	2.349581	-2.702517	25	20	112	0.227
1.570796	0.709924	0.218797	12	18	98	0.227
-3.141593	2.456751	-1.503343	23	30	107	0.227
-2.617994	0.418037	1.360082	111	0	106	0.227
-0.785398	1.184361	0.625864	4	7	97	0.227
-2.879793	0.290380	-0.796960	13	25	100	0.227
2.094395	0.850607	-1.335383	20	25	97	0.227
-2.617994	0.709924	0.218797	6	29	98	0.227
1.570796	0.992645	-1.723759	17	123	103	0.227
-2.094395	2.719179	-1.780644	5	41	107	0.227
0.261799	0.418037	1.360082	14	27	101	0.227
0.523599	0.709924	0.218797	6	15	98	0.227
-1.832596	0.733948	3.021411	114	124	21	0.227
2.094395	0.418037	1.360082	4	36	103	0.227
2.356194	1.184361	0.625864	8	37	97	0.227
2.356194	0.850607	-1.335383	19	29	97	0.227
1.832596	0.418037	1.360082	1	30	101	0.227
-0.523599	0.370812	-2.547742	28	29	113	0.227
2.094395	1.184361	0.625864	12	36	97	0.227
-1.570796	0.733948	3.021411	115	122	21	0.227
0.261799	1.184361	0.625864	18	13	97	0.227
-2.356194	1.025536	1.576859	103	122	14	0.227
1.570796	2.041297	-2.664597	12	27	107	0.227
1.047198	2.041297	-2.664597	14	24	107	0.227
-1.570796	0.458961	-0.107937	137	31	101	0.227
1.308997	1.184361	0.625864	20	28	97	0.227
0.523599	0.418037	1.360082	20	24	103	0.227
-0.785398	0.418037	1.360082	14	18	101	0.227
1.832596	1.741644	-2.695914	13	29	109	0.227
2.094395	1.741644	-2.695914	11	31	109	0.227
-2.617994	1.218453	2.777284	28	135	120	0.227
-1.832596	0.850607	-1.335383	134	30	97	0.227
0.785398	0.418037	1.360082	10	30	101	0.227
-2.617994	1.184361	0.625864	132	28	97	0.227
1.832596	1.450119	-2.739050	109	1	22	0.227
-3.141593	0.992645	-1.723759	19	31	98	0.227
-1.308997	0.418037	1.360082	11	14	101	0.227
1.570796	0.458961	-0.107937	15	13	101	0.227
-1.832596	2.637879	2.121598	12	30	109	0.227
2.879793	2.760637	2.781135	21	26	114	0.227
1.308997	2.251330	-2.330739	109	94	126	0.227
-0.261799	1.184361	0.625864	12	8	97	0.227
1.570796	2.407836	1.410646	15	6	108	0.227
1.308997	0.850607	-1.335383	18	14	97	0.227
-2.094395	2.592629	0.909713	23	1	105	0.227
-1.047198	1.699788	2.452890	10	33	109	0.227
1.308997	1.168678	2.108595	13	35	98	0.227
-1.308997	0.914445	2.687814	14	22	107	0.227
-2.356194	0.290380	-0.796960	13	3	105	0.227
-1.047198	0.290380	-0.796960	1	28	100	0.227
1.832596	1.184361	0.625864	15	34	97	0.227
-2.356194	2.456751	-1.503343	12	40	107	0.227
-0.523599	2.592629	0.909713	2	37	100	0.227
-2.356194	2.104282	-0.813972	129	127	101	0.227
-0.261799	0.709924	0.218797	1	17	98	0.227
2.879793	1.812176	0.656819	115	101	118	0.227
-1.570796	0.290380	-0.796960	5	30	100	0.227
2.356194	0.458961	-0.107937	18	22	101	0.227
2.617994	0.850607	-1.335383	16	32	97	0.227
-1.308997	1.869911	2.701025	14	30	109	0.227
-2.879793	2.407836	1.410646	107	134	24	0.227
1.570796	1.184361	0.625864	18	31	97	0.227
-3.141593	2.719179	-1.780644	22	32	107	0.227
-2.617994	1.135813	-2.658866	20	23	102	0.227
-1.570796	1.184361	0.625864	134	13	97	0.227
2.879793	0.418037	1.360082	137	22	101	0.227
1.832596	0.850607	-1.335383	20	21	97	0.227
-3.141593	0.571433	-1.188419	116	8	102	0.227
-1.570796	2.664082	-1.071402	30	134	112	0.227
0.000000	1.440580	2.260026	23	23	100	0.227
-2.617994	2.719179	-1.780644	15	38	107	0.227
-0.523599	0.709924	0.218797	139	18	98	0.227
0.261799	1.606104	-0.451151	8	30	99	0.227
0.261799	1.440580	2.260026	22	28	100	0.227
1.308997	1.374601	-2.456031	139	47	31	0.227
-1.832596	0.290380	-0.796960	7	30	100	0.227
-2.094395	1.545873	-1.877082	15	35	98	0.227
-1.570796	0.418037	1.360082	9	13	101	0.227
-2.879793	0.709924	0.218797	8	29	98	0.227
-1.308997	1.134796	2.434290	9	43	33	0.227
-0.785398	0.458961	-0.107937	24	129	111	0.227
-1.832596	0.418037	1.360082	6	13	101	0.227
-1.308997	0.850607	-1.335383	132	23	97	0.227
1.570796	1.440580	2.260026	5	39	100	0.227
0.261799	1.135813	-2.658866	132	24	102	0.227
-2.094395	0.458961	-0.107937	3	34	101	0.227
-1.570796	0.709924	0.218797	0	26	98	0.227
-2.356194	1.184361	0.625864	131	24	97	0.227
1.047198	2.001437	0.381215	14	139	101	0.227
-2.356194	0.418037	1.360082	2	14	101	0.227
-1.832596	0.458961	-0.107937	0	33	101	0.227
-0.785398	1.699788	2.452890	7	33	109	0.227
1.047198	1.741644	-2.695914	18	136	114	0.227
-2.094395	0.709924	0.218797	2	29	98	0.227
-1.047198	1.135813	-2.658866	5	36	102	0.227
1.308997	2.587733	0.232235	12	132	107	0.227
-1.570796	2.587733	0.232235	117	116	118	0.227
2.356194	2.349581	-2.702517	16	12	109	0.227
-2.879793	0.458961	-0.107937	12	33	101	0.227
-1.308997	0.290380	-0.796960	3	29	100	0.227
-1.047198	0.709924	0.218797	139	22	98	0.227
-0.523599	0.458961	-0.107937	134	19	101	0.227
0.000000	2.349581	-2.702517	24	15	112	0.227
-2.094395	2.456751	-1.503343	7	41	107	0.227
-3.141593	0.866395	-2.492918	6	35	31	0.227
-0.261799	0.418037	1.360082	15	22	101	0.227
-2.617994	1.545873	-1.877082	22	2	103	0.227
-3.141593	1.135813	-2.658866	21	130	107	0.227
2.617994	2.456751	-1.503343	25	21	107	0.227
-2.879793	1.184361	0.625864	134	31	97	0.227
-1.308997	1.135813	-2.658866	8	36	102	0.227
-1.047198	0.458961	-0.107937	134	25	101	0.227
1.832596	2.041297	-2.664597	10	29	107	0.227
0.785398	0.850607	-1.335383	15	124	102	0.227
2.094395	2.041297	-2.664597	9	30	107	0.227
-0.785398	1.135813	-2.658866	1	35	102	0.227
0.785398	2.041297	-2.664597	14	22	107	0.227
1.832596	0.709924	0.218797	13	20	98	0.227
1.570796	0.418037	1.360082	3	31	101	0.227
-2.356194	2.724429	-0.348782	18	46	23	0.227
-2.356194	2.247462	0.191623	17	128	100	0.227
2.356194	2.704512	1.488683	15	134	112	0.227
2.879793	0.290380	-0.796960	16	135	105	0.227
-2.094395	0.850607	-1.335383	136	32	97	0.227
1.570796	0.290380	-0.796960	126	134	103	0.227
-0.523599	0.290380	-0.796960	139	25	100	0.227
2.356194	0.290380	-0.796960	14	131	105	0.227
-3.141593	0.709924	0.218797	10	28	98	0.227
0.000000	0.418037	1.360082	15	25	101	0.227
0.000000	0.709924	0.218797	2	16	98	0.227
-1.570796	2.719179	-1.780644	136	38	107	0.227
-2.879793	2.108018	1.311430	107	130	26	0.227
2.879793	2.041297	-2.664597	2	29	107	0.227
1.832596	1.440580	2.260026	0	38	100	0.227
-2.094395	0.290380	-0.796960	11	4	105	0.227
-2.617994	2.588535	-2.976617	19	45	20	0.227
2.617994	1.545873	-1.877082	21	127	103	0.227
-0.523599	1.699788	2.452890	4	33	109	0.227
0.261799	0.709924	0.218797	4	15	98	0.227
-2.356194	0.709924	0.218797	4	29	98	0.227
0.785398	1.135813	-2.658866	133	17	102	0.227
-3.141593	2.407836	1.410646	110	139	24	0.227
2.617994	0.290380	-0.796960	15	133	105	0.227
-1.308997	0.709924	0.218797	139	24	98	0.227
-0.261799	1.135813	-2.658866	135	31	102	0.227
-0.785398	0.290380	-0.796960	0	27	100	0.227
2.094395	2.588535	-2.976617	20	96	6	0.227
-2.356194	2.001437	0.381215	10	129	98	0.227
0.785398	1.440580	2.260026	17	35	100	0.227
-0.785398	0.709924	0.218797	139	20	98	0.227
-0.261799	0.290380	-0.796960	138	23	100	0.227
2.617994	1.184361	0.625864	4	37	97	0.227
-2.617994	2.456751	-1.503343	16	38	107	0.227
-0.523599	2.001437	0.381215	127	136	99	0.227
2.617994	1.025536	1.576859	109	120	26	0.227
0.785398	2.719179	-1.780644	27	131	120	0.227
0.000000	0.290380	-0.796960	138	21	100	0.227
-2.617994	1.025536	1.576859	103	127	14	0.227
2.356194	0.709924	0.218797	13	24	98	0.227
-1.308997	0.458961	-0.107937	135	28	101	0.227
2.617994	0.709924	0.218797	13	26	98	0.227
-2.356194	0.458961	-0.107937	6	34	101	0.227
2.094395	0.709924	0.218797	13	22	98	0.227
1.308997	2.041297	-2.664597	13	26	107	0.227
1.047198	0.709924	0.218797	10	15	98	0.227
-0.523599	1.135813	-2.658866	138	34	102	0.227
1.308997	1.135813	-2.658866	137	11	102	0.227
2.617994	1.135813	-2.658866	133	130	105	0.227
0.523599	1.135813	-2.658866	132	21	102	0.227
2.356194	2.041297	-2.664597	6	30	107	0.227
1.047198	1.909857	-0.381669	10	127	103	0.227
0.785398	0.709924	0.218797	8	15	98	0.227
1.308997	0.290380	-0.796960	124	134	103	0.227
0.523599	1.391910	3.030322	11	25	108	0.226
1.832596	2.187132	-0.479875	110	13	105	0.162
1.570796	1.554776	0.100351	113	107	118	0.161
-2.617994	2.704512	1.488683	110	136	107	0.161
-2.356194	2.637879	2.121598	111	2	109	0.161
1.832596	2.001437	0.381215	119	5	96	0.161
-2.617994	2.089241	-0.114193	112	126	110	0.161
-2.356194	2.187132	-0.479875	124	124	105	0.161
2.879793	2.001437	0.381215	120	138	96	0.161
-0.785398	2.587733	0.232235	127	4	102	0.161
-0.523599	2.587733	0.232235	126	4	102	0.161
-3.141593	2.187132	-0.479875	111	131	105	0.161
-1.308997	2.587733	0.232235	127	3	102	0.161
-1.047198	2.187132	-0.479875	19	135	105	0.161
2.094395	2.187132	-0.479875	108	9	105	0.161
-1.047198	2.587733	0.232235	127	3	102	0.161
-1.308997	1.218453	2.777284	137	40	34	0.095
-1.570796	1.391910	3.030322	120	4	109	0.095
-1.047198	1.836682	-0.676006	108	115	124	0.095
1.832596	1.574060	2.783565	136	80	4	0.005
-1.570796	1.301460	-0.509251	137	81	135	0.005
1.832596	1.870545	-2.976234	136	82	1	0.005
1.308997	2.478122	2.609777	0	77	5	0.005
-1.832596	1.433411	-1.035986	0	77	0	0.005
1.570796	0.960688	-0.577532	1	77	136	0.005
2.356194	0.864993	2.278281	137	69	0	0.005
0.000000	0.379747	-1.713059	131	75	138	0.004
1.047198	1.504028	0.636812	135	78	135	0.004
1.308997	1.417623	-0.202254	137	60	133	0.004
-1.832596	1.045978	0.343692	138	58	139	0.004
1.308997	2.356369	3.005869	0	57	1	0.004
-1.308997	0.866395	-2.492918	0	60	2	0.004
1.308997	1.569311	-3.003978	138	58	3	0.004
-2.094395	2.455966	-0.641220	1	73	138	0.004
-2.094395	2.404280	-0.174044	2	81	139	0.004
-3.141593	0.379747	-1.713059	7	82	0	0.004
-0.785398	2.104282	-0.813972	138	84	135	0.004
-1.308997	1.736875	3.023612	137	60	1	0.004
-1.570796	1.367556	0.358405	139	66	139	0.004
0.523599	2.407836	1.410646	7	84	0	0.004
2.617994	1.506530	1.988858	129	77	133	0.004
1.308997	1.310100	1.488307	136	83	133	0.004
2.094395	1.440580	2.260026	1	76	139	0.004
-1.308997	1.870545	-2.976234	136	63	4	0.004
2.879793	1.113094	-0.272241	5	74	131	0.004
-1.832596	1.658653	-2.409879	136	77	135	0.004
2.094395	1.948085	-2.363031	139	55	3	0.004
1.308997	0.960688	-0.577532	138	56	134	0.004
-1.047198	1.756530	-2.105156	0	68	5	0.004
2.879793	0.591903	2.010408	133	63	136	0.004
0.523599	0.685216	-1.712745	130	74	137	0.004
1.047198	1.699788	2.452890	139	72	3	0.004
2.094395	1.699788	2.452890	138	74	2	0.004
-1.832596	1.113094	-0.272241	136	69	131	0.004
-1.832596	1.869911	2.701025	137	74	1	0.004
-2.356194	1.448123	-2.163292	1	71	139	0.004
-1.047198	2.704512	1.488683	3	68	1	0.004
-2.356194	2.393226	1.857173	1	68	4	0.004
0.785398	1.448123	-2.163292	138	71	138	0.004
-0.785398	0.297065	2.160177	2	65	137	0.004
-2.617994	2.115563	0.685730	4	74	134	0.004
2.094395	1.413430	2.550734	130	74	7	0.004
-1.570796	1.128190	-2.288622	0	92	2	0.004
1.832596	2.863997	0.549740	131	66	133	0.004
-2.356194	2.455966	-0.641220	8	66	135	0.004
-0.261799	2.295480	1.008277	0	91	2	0.004
-1.308997	1.569311	-3.003978	137	62	5	0.004
0.523599	1.809167	1.213774	138	91	134	0.004
-2.094395	0.640596	-2.797608	5	76	139	0.004
-0.785398	1.721184	-0.153948	135	73	136	0.004
-1.308997	1.721184	-0.153948	139	77	134	0.004
-1.832596	1.721184	-0.153948	3	59	133	0.004
-2.094395	1.721184	-0.153948	2	80	134	0.004
-2.356194	2.719179	-1.780644	1	74	1	0.004
-3.141593	1.721184	-0.153948	139	77	130	0.004
-1.570796	1.050534	3.042579	2	80	139	0.004
-1.832596	1.050534	3.042579	0	77	4	0.004
2.094395	0.762244	-0.273349	5	60	0	0.004
-2.879793	2.396274	-1.959260	1	84	6	0.004
-1.570796	1.214854	-1.966664	0	80	138	0.004
-1.570796	0.370812	-2.547742	5	77	139	0.004
-2.094395	1.113094	-0.272241	138	82	133	0.004
-1.308997	0.762244	-0.273349	135	77	134	0.004
-1.570796	0.762244	-0.273349	135	78	139	0.004
1.047198	2.089241	-0.114193	134	82	132	0.004
-2.879793	0.615174	-0.666022	3	83	139	0.004
-0.523599	2.089241	-0.114193	135	78	133	0.004
-2.356194	1.736875	3.023612	2	85	4	0.004
-1.832596	0.866395	-2.492918	1	78	2	0.004
1.832596	2.760637	2.781135	0	78	1	0.004
1.832596	1.696674	-1.253233	136	60	139	0.004
1.832596	1.872854	1.543456	137	77	8	0.004
2.617994	2.760637	2.781135	138	84	1	0.004
1.308997	1.872854	1.543456	136	82	1	0.004
0.523599	1.872854	1.543456	135	92	3	0.004
-0.261799	1.448123	-2.163292	133	78	0	0.004
-1.308997	1.448123	-2.163292	0	81	6	0.004
0.261799	1.872854	1.543456	4	82	4	0.004
-0.523599	1.872854	1.543456	5	77	2	0.004
-1.832596	1.617114	-1.572037	138	78	138	0.004
-1.832596	1.736875	3.023612	137	76	2	0.004
-2.617994	1.696674	-1.253233	0	82	133	0.004
-0.785398	2.379497	0.561089	3	83	138	0.004
-1.047198	0.619654	-2.216909	5	77	137	0.004
1.308997	1.617114	-1.572037	139	74	9	0.004
2.879793	0.496451	0.593859	139	75	130	0.004
-1.308997	2.089241	-0.114193	1	60	135	0.004
-0.785398	1.545873	-1.877082	132	82	1	0.004
-1.832596	1.256302	0.062705	0	78	137	0.004
-1.570796	2.089241	-0.114193	2	60	134	0.004
-1.308997	0.864993	2.278281	2	60	139	0.004
-0.261799	1.736875	3.023612	1	78	138	0.004
-1.832596	2.089241	-0.114193	2	83	133	0.004
-2.879793	2.979456	-1.009304	2	75	131	0.004
-2.356194	2.089241	-0.114193	0	77	131	0.004
0.785398	0.496451	0.593859	0	83	0	0.004
-2.094395	2.104282	-0.813972	1	82	0	0.004
1.570796	2.356369	3.005869	139	77	6	0.004
0.000000	2.979456	-1.009304	135	68	2	0.004
0.523599	2.979456	-1.009304	134	74	139	0.004
0.785398	2.393226	1.857173	139	83	132	0.004
2.094395	0.992645	-1.723759	0	60	1	0.004
1.308997	1.256302	0.062705	139	81	131	0.004
0.785398	1.014500	0.906702	136	77	2	0.004
-2.094395	0.496451	0.593859	134	84	0	0.004
2.094395	2.393226	1.857173	134	82	136	0.004
0.523599	0.992645	-1.723759	128	72	0	0.004
1.570796	1.256302	0.062705	0	83	135	0.004
-1.308997	2.247462	0.191623	2	78	139	0.004
-1.570796	2.356369	3.005869	134	80	4	0.004
0.523599	2.247462	0.191623	1	78	136	0.004
1.308997	2.247462	0.191623	137	68	138	0.004
-1.832596	1.569311	-3.003978	1	77	2	0.004
1.570796	2.404280	-0.174044	135	80	139	0.004
0.000000	0.831641	0.616218	1	68	128	0.004
-0.261799	1.242974	-2.977882	135	77	2	0.004
2.617994	0.910508	1.903534	126	77	137	0.004
-1.047198	1.242974	-2.977882	135	79	139	0.004
-1.308997	1.242974	-2.977882	1	68	8	0.004
0.000000	1.569311	-3.003978	4	60	3	0.004
-0.523599	0.910508	1.903534	10	76	138	0.004
-3.141593	2.343981	-1.040456	6	77	136	0.004
0.785398	0.080730	-2.622036	136	60	139	0.004
1.570796	1.736875	3.023612	139	75	3	0.004
-1.832596	2.343981	-1.040456	5	82	138	0.004
2.879793	2.407836	1.410646	131	78	133	0.004
-2.094395	1.194549	-0.801900	0	84	136	0.004
2.617994	2.704512	1.488683	132	78	138	0.004
-2.094395	1.836682	-0.676006	1	81	135	0.004
0.261799	0.297065	2.160177	6	71	1	0.004
-1.308997	1.504028	0.636812	135	84	129	0.004
2.094395	1.824694	1.850876	130	80	1	0.004
2.094395	2.033014	2.977192	136	78	1	0.004
0.000000	1.504028	0.636812	3	80	0	0.004
1.308997	1.824694	1.850876	0	78	134	0.004
-1.047198	1.869911	2.701025	138	78	2	0.004
1.570796	2.033014	2.977192	137	77	139	0.004
-1.570796	1.836682	-0.676006	139	60	135	0.004
1.308997	2.033014	2.977192	138	78	2	0.004
-3.141593	1.741644	-2.695914	1	76	3	0.004
-1.570796	0.419640	2.974122	1	80	0	0.004
1.832596	2.356369	3.005869	0	80	6	0.004
-0.261799	2.033014	2.977192	0	73	0	0.004
-2.094395	0.619654	-2.216909	3	78	138	0.004
-1.570796	2.033014	2.977192	138	78	139	0.004
1.308997	1.982574	-1.115518	135	60	134	0.004
2.094395	1.599406	1.426070	135	78	139	0.004
-1.832596	1.904882	-1.478089	139	82	2	0.004
-1.832596	2.174483	2.653697	136	76	3	0.004
2.094395	1.301460	-0.509251	138	59	135	0.004
-2.356194	1.545873	-1.877082	3	81	4	0.004
1.308997	2.174483	2.653697	0	75	6	0.004
1.570796	2.174483	2.653697	138	59	7	0.004
-1.047198	1.948085	-2.363031	135	80	137	0.004
1.308997	2.407836	1.410646	3	77	135	0.004
0.523599	1.510910	-0.740472	134	78	136	0.004
2.094395	2.356369	3.005869	138	82	139	0.004
1.047198	1.301460	-0.509251	137	78	135	0.004
-1.570796	1.134796	2.434290	138	58	3	0.004
1.047198	1.413347	-1.339188	136	77	3	0.004
1.308997	1.413347	-1.339188	1	78	3	0.004
-1.832596	1.510910	-0.740472	0	82	135	0.004
1.308997	1.662363	0.915448	1	85	5	0.004
-1.832596	0.960688	-0.577532	2	83	0	0.004
-1.832596	1.554776	0.100351	1	78	136	0.004
1.832596	2.664082	-1.071402	136	64	4	0.004
2.879793	1.413347	-1.339188	4	75	3	0.004
1.832596	0.203748	0.590255	5	83	135	0.004
1.047198	0.203748	0.590255	2	78	137	0.004
-3.141593	0.674054	1.013609	135	83	4	0.004
2.879793	1.450119	-2.739050	1	77	2	0.004
-2.879793	2.579248	-2.364801	4	82	137	0.004
-2.617994	0.674054	1.013609	132	79	134	0.004
-2.356194	0.203748	0.590255	134	80	1	0.004
-1.308997	2.579248	-2.364801	4	78	2	0.004
-0.785398	2.579248	-2.364801	135	67	3	0.004
-2.879793	0.203748	0.590255	135	69	135	0.004
-1.308997	1.301460	-0.509251	137	82	136	0.004
-1.047198	1.732874	-0.951685	0	81	139	0.004
-1.832596	1.301460	-0.509251	139	60	0	0.004
1.047198	2.295480	1.008277	1	77	138	0.004
1.308997	0.619654	-2.216909	139	68	4	0.004
-2.094395	1.301460	-0.509251	139	82	135	0.004
2.879793	1.134796	2.434290	138	81	5	0.004
-2.356194	1.732874	-0.951685	136	78	138	0.004
2.356194	1.374601	-2.456031	138	60	9	0.004
1.832596	1.374601	-2.456031	2	83	4	0.004
-2.879793	1.574060	2.783565	136	76	0	0.004
2.879793	0.674054	1.013609	138	84	0	0.004
2.879793	1.247695	1.809890	131	83	138	0.004
-1.047198	1.555207	1.708892	4	70	0	0.004
-3.141593	2.984978	1.954446	134	83	0	0.004
-1.308997	1.574060	2.783565	2	77	4	0.004
-2.617994	2.984978	1.954446	135	77	1	0.004
-1.047198	1.574060	2.783565	2	78	4	0.004
1.832596	1.218453	2.777284	133	60	1	0.004
-1.308997	0.591903	2.010408	10	83	1	0.004
0.000000	1.374601	-2.456031	139	80	2	0.004
2.094395	0.906588	1.252948	4	84	135	0.004
-1.570796	2.115563	0.685730	6	80	136	0.004
2.094395	1.574060	2.783565	137	84	6	0.004
0.785398	1.247695	1.809890	6	82	3	0.004
2.356194	1.977582	0.969896	131	77	133	0.004
-2.356194	1.335669	0.897240	133	75	127	0.004
-0.261799	1.766067	2.153843	5	78	6	0.004
-1.047198	1.247695	1.809890	139	71	138	0.004
1.570796	2.251330	-2.330739	3	67	7	0.004
0.000000	2.251330	-2.330739	131	83	135	0.004
2.879793	1.766067	2.153843	127	82	138	0.004
1.832596	1.869911	2.701025	138	80	139	0.004
-1.308997	1.506530	1.988858	138	55	7	0.004
-0.261799	1.809167	1.213774	2	78	0	0.004
1.570796	1.809167	1.213774	132	77	3	0.004
-1.570796	1.870545	-2.976234	138	69	4	0.004
-1.047198	1.870545	-2.976234	138	81	7	0.004
-0.523599	0.591903	2.010408	139	83	2	0.004
-0.785398	0.618092	2.539118	3	81	0	0.004
-1.570796	1.025536	1.576859	139	78	139	0.004
-1.308997	1.606104	-0.451151	138	81	134	0.004
1.570796	1.870545	-2.976234	138	78	0	0.004
-2.617994	1.909857	-0.381669	5	79	5	0.004
-1.832596	1.909857	-0.381669	2	77	139	0.004
1.832596	2.587733	0.232235	133	77	136	0.004
2.617994	2.089241	-0.114193	132	82	133	0.004
-1.570796	2.164094	-2.991358	0	80	138	0.004
-0.261799	1.875281	0.107086	4	74	138	0.004
0.000000	1.325504	-1.671296	135	84	10	0.004
-1.047198	2.164094	-2.991358	137	60	0	0.004
1.308997	1.909857	-0.381669	134	77	0	0.004
1.570796	1.909857	-0.381669	136	77	137	0.004
-0.523599	2.164094	-2.991358	133	77	8	0.004
0.000000	2.164094	-2.991358	137	73	138	0.004
-3.141593	0.700570	1.559208	134	83	138	0.004
-0.523599	1.875281	0.107086	3	81	136	0.004
1.047198	2.164094	-2.991358	3	82	139	0.004
1.832596	2.164094	-2.991358	2	82	4	0.004
-2.094395	1.413430	2.550734	133	60	131	0.004
1.047198	1.488617	1.159546	135	79	3	0.004
0.261799	1.195355	1.200319	0	81	135	0.004
2.356194	2.164094	-2.991358	139	83	5	0.004
0.785398	0.618092	2.539118	5	83	139	0.004
0.261799	2.063651	-2.044600	132	78	139	0.004
-1.570796	1.875281	0.107086	1	66	133	0.004
-0.523599	1.488617	1.159546	3	60	1	0.004
-1.570796	1.488617	1.159546	138	60	130	0.004
-2.356194	2.063651	-2.044600	2	79	2	0.004
-3.141593	2.063651	-2.044600	139	74	0	0.004
1.308997	1.413430	2.550734	4	85	2	0.004
-2.356194	2.153910	-1.714959	2	81	139	0.004
2.879793	2.153910	-1.714959	139	82	1	0.004
-2.094395	2.187132	-0.479875	3	60	139	0.004
-1.832596	2.187132	-0.479875	3	82	0	0.004
1.832596	2.073035	2.027405	139	77	2	0.004
-2.617994	0.685216	-1.712745	3	80	137	0.004
-2.879793	0.685216	-1.712745	3	77	0	0.004
-2.094395	0.961715	0.014085	137	83	0	0.004
-1.832596	0.961715	0.014085	134	84	136	0.004
1.832596	1.699788	2.452890	0	81	2	0.004
1.047198	1.836682	-0.676006	138	57	138	0.004
1.308997	2.073035	2.027405	139	77	2	0.004
1.047198	2.187132	-0.479875	135	77	0	0.004
1.308997	0.961715	0.014085	139	77	133	0.004
1.308997	1.836682	-0.676006	134	60	139	0.004
-1.308997	1.699788	2.452890	139	77	3	0.004
1.308997	2.115563	0.685730	136	85	139	0.004
-1.832596	1.367556	0.358405	139	70	139	0.004
0.785398	2.478122	2.609777	4	72	0	0.004
1.570796	2.115563	0.685730	135	82	139	0.004
-1.832596	2.478122	2.609777	138	78	3	0.004
-1.570796	1.417623	-0.202254	0	81	0	0.004
-1.047198	1.391910	3.030322	138	78	3	0.004
-1.308997	1.417623	-0.202254	136	82	134	0.004
-1.570796	0.866955	-0.931351	137	80	139	0.004
-1.832596	1.391910	3.030322	137	60	7	0.004
-1.047198	1.417623	-0.202254	133	76	137	0.004
-0.785398	2.073035	2.027405	4	59	139	0.004
-1.308997	2.588535	-2.976617	137	60	4	0.004
-1.047198	1.440580	2.260026	1	60	139	0.004
0.523599	1.417623	-0.202254	3	80	132	0.004
1.832596	2.455966	-0.641220	139	60	9	0.004
-1.047198	1.168678	2.108595	3	60	2	0.004
-0.785398	2.863997	0.549740	138	74	138	0.004
-2.879793	2.299159	2.264663	131	77	4	0.004
1.832596	2.349581	-2.702517	138	59	1	0.004
1.308997	1.433411	-1.035986	132	58	3	0.004
1.832596	1.417623	-0.202254	3	80	132	0.004
2.094395	2.115563	0.685730	133	76	138	0.004
1.570796	1.113094	-0.272241	0	73	139	0.004
1.308997	2.455966	-0.641220	135	81	137	0.004
2.094395	0.458961	-0.107937	1	77	139	0.004
-1.047198	2.041297	-2.664597	137	75	3	0.004
2.094395	2.138223	1.678323	1	80	3	0.004
1.308997	2.138223	1.678323	136	82	1	0.004
0.523599	2.138223	1.678323	2	78	6	0.004
1.308997	2.299159	2.264663	137	74	1	0.004
1.570796	2.001437	0.381215	135	83	4	0.004
1.047198	1.662363	0.915448	139	84	128	0.004
1.832596	2.299159	2.264663	133	85	4	0.004
1.308997	1.045978	0.343692	138	78	136	0.004
-0.261799	2.001437	0.381215	4	82	4	0.004
2.879793	1.045978	0.343692	139	78	132	0.004
-2.617994	1.599406	1.426070	133	70	137	0.004
-1.308997	2.001437	0.381215	0	74	131	0.004
-1.570796	0.992645	-1.723759	4	65	137	0.004
-1.047198	0.899350	-2.069907	138	92	1	0.004
2.879793	0.700570	1.559208	130	90	131	0.004
1.832596	2.033014	2.977192	135	68	0	0.004
-0.523599	1.658653	-2.409879	135	95	132	0.004
-1.570796	2.404280	-0.174044	136	74	0	0.004
1.308997	1.736875	3.023612	137	63	2	0.004
-0.785398	1.134497	-1.109631	132	91	138	0.004
-1.832596	1.766067	2.153843	139	66	1	0.004
0.261799	1.374601	-2.456031	132	92	5	0.004
-2.094395	2.115563	0.685730	4	54	138	0.004
-2.356194	1.301460	-0.509251	8	74	137	0.004
2.617994	1.440580	2.260026	138	74	136	0.004
-3.141593	0.899350	-2.069907	138	74	139	0.004
0.000000	0.674054	1.013609	138	69	0	0.004
-2.617994	0.960688	-0.577532	136	74	138	0.004
-1.308997	0.615174	-0.666022	134	69	136	0.004
-1.308997	1.683268	0.374177	1	74	137	0.004
-2.617994	1.510910	-0.740472	4	74	133	0.004
-1.047198	1.134796	2.434290	1	72	139	0.004
2.879793	2.349581	-2.702517	5	70	13	0.004
1.570796	1.510910	-0.740472	135	63	138	0.004
-2.356194	1.413347	-1.339188	6	70	135	0.004
1.308997	1.721184	-0.153948	138	74	133	0.004
2.617994	1.599406	1.426070	132	74	135	0.004
-2.094395	0.866395	-2.492918	139	70	2	0.004
-2.356194	0.615174	-0.666022	0	74	137	0.004
-2.879793	0.762244	-0.273349	5	69	138	0.004
2.617994	2.396274	-1.959260	5	69	138	0.004
2.356194	1.113094	-0.272241	5	74	133	0.004
1.832596	0.960688	-0.577532	139	68	137	0.004
-2.879793	2.174483	2.653697	139	71	8	0.004
1.832596	0.419640	2.974122	130	72	137	0.004
2.356194	1.599406	1.426070	134	74	136	0.004
1.832596	2.396274	-1.959260	138	68	3	0.004
-1.047198	1.982574	-1.115518	1	74	138	0.004
1.047198	0.419640	2.974122	134	58	135	0.004
-1.570796	1.433411	-1.035986	0	69	138	0.004
1.047198	1.982574	-1.115518	132	68	133	0.004
1.047198	2.033014	2.977192	138	74	2	0.004
-2.094395	2.356369	3.005869	2	74	2	0.004
-0.785398	2.396274	-1.959260	136	65	138	0.004
-3.141593	2.455966	-0.641220	0	68	138	0.004
0.523599	0.762244	-0.273349	1	74	4	0.004
-1.570796	1.545873	-1.877082	139	59	134	0.004
-2.879793	1.998705	2.370472	136	68	8	0.004
1.047198	0.297065	2.160177	6	60	138	0.004
-2.094395	2.396274	-1.959260	137	73	5	0.004
0.523599	1.545873	-1.877082	131	74	139	0.004
1.832596	2.704512	1.488683	138	69	134	0.004
2.094395	2.704512	1.488683	132	72	4	0.004
1.047198	1.569311	-3.003978	136	67	8	0.004
-0.785398	0.910508	1.903534	1	66	1	0.004
1.832596	0.831641	0.616218	138	69	134	0.004
1.570796	0.831641	0.616218	138	73	135	0.004
-1.570796	0.831641	0.616218	138	66	135	0.004
1.570796	1.128190	-2.288622	137	74	139	0.004
-0.785398	0.591903	2.010408	3	69	137	0.004
2.094395	2.760637	2.781135	132	73	138	0.004
1.308997	1.448123	-2.163292	136	68	10	0.004
0.261799	1.025536	1.576859	5	69	135	0.004
-3.141593	0.418037	1.360082	133	66	137	0.004
-2.617994	1.870545	-2.976234	134	73	139	0.004
0.261799	1.506530	1.988858	2	69	136	0.004
-2.879793	2.187132	-0.479875	2	73	1	0.004
-2.094395	1.488617	1.159546	136	67	0	0.004
-1.047198	1.128190	-2.288622	139	73	1	0.004
-1.832596	2.063651	-2.044600	1	73	138	0.004
-0.261799	2.592629	0.909713	2	68	139	0.004
0.785398	2.379497	0.561089	1	70	136	0.004
-0.785398	1.736875	3.023612	0	73	4	0.004
-0.261799	1.488617	1.159546	6	70	4	0.004
1.832596	1.214854	-1.966664	1	74	139	0.004
1.570796	1.488617	1.159546	138	74	5	0.004
-0.261799	1.812176	0.656819	4	73	133	0.004
-1.570796	1.325504	-1.671296	4	73	2	0.004
1.047198	2.104282	-0.813972	139	73	139	0.004
2.356194	2.881233	-2.582574	1	74	139	0.004
-2.356194	1.662363	0.915448	138	71	1	0.004
2.879793	2.115563	0.685730	0	71	2	0.004
-2.094395	1.391910	3.030322	136	68	4	0.004
0.523599	1.135834	-1.431087	0	69	1	0.004
-0.785398	1.812176	0.656819	7	72	137	0.004
-1.832596	1.812176	0.656819	139	66	0	0.004
-1.570796	1.440580	2.260026	137	66	2	0.004
2.617994	1.699788	2.452890	138	71	2	0.004
2.094395	1.134497	-1.109631	2	73	138	0.004
-0.261799	1.014500	0.906702	1	71	3	0.004
-2.094395	1.606104	-0.451151	2	62	138	0.004
-1.832596	1.846342	-1.796954	1	90	1	0.004
0.523599	1.683268	0.374177	0	63	138	0.004
0.785398	1.872854	1.543456	1	62	6	0.004
-1.308997	1.214854	-1.966664	0	92	133	0.004
0.261799	2.404280	-0.174044	134	95	132	0.004
-0.523599	1.050534	3.042579	138	68	2	0.004
1.832596	1.391910	3.030322	134	63	1	0.004
-2.879793	0.992645	-1.723759	0	90	1	0.004
1.570796	1.050534	3.042579	129	63	4	0.004
1.832596	0.914445	2.687814	134	71	132	0.004
0.261799	2.073035	2.027405	3	94	137	0.004
0.000000	1.606104	-0.451151	134	64	133	0.004
-1.308997	0.618092	2.539118	2	63	137	0.004
-2.356194	2.174483	2.653697	1	65	3	0.004
-0.523599	2.863997	0.549740	0	72	9	0.004
0.785398	1.662363	0.915448	0	92	9	0.004
-1.832596	1.135834	-1.431087	1	64	0	0.003
-2.879793	0.418037	1.360082	136	62	138	0.003
-1.047198	0.685216	-1.712745	134	93	139	0.003
2.094395	1.014500	0.906702	133	93	3	0.003
0.785398	1.195355	1.200319	7	77	135	0.003
1.047198	1.195355	1.200319	4	82	7	0.003
1.308997	1.195355	1.200319	136	73	134	0.003
0.261799	1.488617	1.159546	8	78	138	0.003
1.832596	1.195355	1.200319	2	71	137	0.003
2.094395	1.195355	1.200319	2	83	135	0.003
0.000000	1.488617	1.159546	1	73	1	0.003
-2.879793	1.310100	1.488307	131	73	2	0.003
-2.617994	1.310100	1.488307	138	60	8	0.003
-0.785398	1.488617	1.159546	0	59	138	0.003
-2.094395	1.310100	1.488307	0	59	4	0.003
-1.308997	1.488617	1.159546	1	78	4	0.003
-1.570796	1.310100	1.488307	136	60	136	0.003
-1.832596	1.488617	1.159546	136	59	135	0.003
0.261799	1.310100	1.488307	0	77	134	0.003
0.523599	1.310100	1.488307	138	79	0	0.003
0.785398	1.310100	1.488307	3	79	139	0.003
1.047198	1.310100	1.488307	2	80	126	0.003
1.570796	1.310100	1.488307	138	78	132	0.003
0.523599	2.108018	1.311430	2	71	135	0.003
0.261799	2.108018	1.311430	2	78	3	0.003
2.617994	1.310100	1.488307	1	68	0	0.003
0.000000	2.108018	1.311430	137	86	3	0.003
-3.141593	2.153910	-1.714959	6	79	10	0.003
-0.261799	2.108018	1.311430	0	77	3	0.003
-1.047198	2.108018	1.311430	2	80	4	0.003
0.000000	2.153910	-1.714959	131	73	136	0.003
-2.879793	1.134497	-1.109631	3	73	138	0.003
-2.617994	1.134497	-1.109631	139	87	6	0.003
2.094395	0.914445	2.687814	139	83	7	0.003
-1.832596	1.134497	-1.109631	2	82	132	0.003
-1.308997	1.134497	-1.109631	139	71	0	0.003
-1.832596	1.184361	0.625864	138	60	137	0.003
1.832596	1.134497	-1.109631	136	80	136	0.003
2.356194	1.134497	-1.109631	137	56	137	0.003
2.879793	1.134497	-1.109631	0	74	138	0.003
1.047198	0.914445	2.687814	136	69	137	0.003
-2.356194	0.961715	0.014085	137	78	126	0.003
-1.308997	0.961715	0.014085	130	80	127	0.003
-0.785398	0.961715	0.014085	3	76	0	0.003
1.570796	1.699788	2.452890	137	79	9	0.003
0.523599	1.699788	2.452890	5	83	5	0.003
-0.261799	1.699788	2.452890	0	82	5	0.003
0.785398	0.961715	0.014085	139	80	135	0.003
1.570796	0.961715	0.014085	138	82	1	0.003
2.617994	0.961715	0.014085	0	77	130	0.003
2.879793	0.961715	0.014085	6	80	1	0.003
-1.832596	1.699788	2.452890	1	78	138	0.003
1.832596	2.478122	2.609777	138	72	3	0.003
-1.308997	2.478122	2.609777	138	60	0	0.003
-0.785398	1.367556	0.358405	3	74	139	0.003
-0.261799	1.367556	0.358405	4	79	135	0.003
0.261799	1.367556	0.358405	6	75	138	0.003
-2.617994	2.478122	2.609777	131	83	139	0.003
1.047198	2.180315	-1.357379	135	56	0	0.003
1.308997	1.367556	0.358405	138	76	134	0.003
0.785398	2.180315	-1.357379	137	82	7	0.003
2.094395	1.367556	0.358405	134	72	135	0.003
1.047198	1.214854	-1.966664	137	56	8	0.003
-2.879793	2.180315	-1.357379	4	77	12	0.003
2.617994	1.168678	2.108595	130	78	136	0.003
-3.141593	1.440580	2.260026	132	77	0	0.003
-2.879793	1.440580	2.260026	131	60	137	0.003
2.356194	1.168678	2.108595	137	74	139	0.003
-2.356194	1.440580	2.260026	1	60	2	0.003
-2.094395	1.440580	2.260026	135	60	137	0.003
-1.832596	1.440580	2.260026	1	78	7	0.003
-1.308997	1.440580	2.260026	139	80	9	0.003
-0.523599	1.440580	2.260026	4	79	6	0.003
2.094395	1.168678	2.108595	131	55	3	0.003
-0.785398	1.168678	2.108595	1	60	136	0.003
-2.094395	1.168678	2.108595	0	60	2	0.003
0.261799	1.214854	-1.966664	138	68	0	0.003
-1.047198	2.863997	0.549740	7	74	2	0.003
-0.261799	2.863997	0.549740	1	77	136	0.003
0.261799	2.863997	0.549740	1	71	139	0.003
0.785398	2.863997	0.549740	138	78	3	0.003
1.570796	2.349581	-2.702517	5	83	3	0.003
1.047198	2.349581	-2.702517	130	77	137	0.003
2.094395	2.863997	0.549740	139	69	3	0.003
-1.047198	2.349581	-2.702517	136	58	4	0.003
-1.832596	2.349581	-2.702517	2	77	137	0.003
-2.879793	2.041297	-2.664597	132	73	139	0.003
-2.617994	2.041297	-2.664597	139	72	2	0.003
-2.356194	2.041297	-2.664597	138	76	11	0.003
-1.832596	2.041297	-2.664597	5	77	7	0.003
-1.308997	2.041297	-2.664597	137	80	10	0.003
2.356194	2.138223	1.678323	135	77	131	0.003
-0.523599	2.041297	-2.664597	139	78	5	0.003
0.000000	2.041297	-2.664597	135	68	9	0.003
2.617994	2.041297	-2.664597	138	83	2	0.003
-1.308997	2.138223	1.678323	133	81	2	0.003
2.617994	2.001437	0.381215	132	77	1	0.003
-2.879793	1.599406	1.426070	2	77	138	0.003
0.000000	2.001437	0.381215	3	84	132	0.003
-1.047198	2.001437	0.381215	2	59	136	0.003
2.617994	1.045978	0.343692	4	77	133	0.003
-1.047198	2.247462	0.191623	5	80	134	0.003
-0.523599	2.456751	-1.503343	135	74	139	0.003
0.785398	2.356369	3.005869	1	83	3	0.003
1.047198	2.356369	3.005869	5	74	0	0.003
2.356194	2.356369	3.005869	1	85	10	0.003
2.617994	2.356369	3.005869	139	86	136	0.003
-3.141593	1.836682	-0.676006	139	78	133	0.003
-2.879793	1.836682	-0.676006	8	60	138	0.003
2.617994	0.619654	-2.216909	0	77	136	0.003
-2.356194	1.836682	-0.676006	9	82	6	0.003
-1.308997	1.836682	-0.676006	139	85	4	0.003
-0.785398	1.836682	-0.676006	139	77	129	0.003
0.785398	0.619654	-2.216909	131	68	4	0.003
0.523599	0.619654	-2.216909	138	78	4	0.003
-0.523599	0.619654	-2.216909	128	78	137	0.003
0.785398	1.836682	-0.676006	135	60	5	0.003
-0.785398	1.214854	-1.966664	4	80	138	0.003
-3.141593	1.948085	-2.363031	135	83	3	0.003
-2.879793	1.948085	-2.363031	2	77	2	0.003
-1.308997	0.619654	-2.216909	1	88	135	0.003
-1.570796	0.619654	-2.216909	137	82	136	0.003
-1.832596	0.619654	-2.216909	138	77	4	0.003
-1.832596	1.948085	-2.363031	138	78	6	0.003
-2.356194	0.619654	-2.216909	2	77	7	0.003
-0.785398	1.948085	-2.363031	138	69	1	0.003
-2.617994	0.619654	-2.216909	5	77	1	0.003
2.879793	2.089241	-0.114193	137	78	134	0.003
0.261799	1.948085	-2.363031	135	78	4	0.003
0.523599	1.948085	-2.363031	4	77	3	0.003
1.832596	2.089241	-0.114193	135	58	137	0.003
1.047198	1.948085	-2.363031	2	82	4	0.003
1.308997	1.948085	-2.363031	0	55	9	0.003
1.570796	1.948085	-2.363031	1	76	0	0.003
1.832596	1.948085	-2.363031	137	60	5	0.003
2.356194	1.948085	-2.363031	4	82	7	0.003
1.570796	2.089241	-0.114193	135	82	3	0.003
2.879793	1.948085	-2.363031	1	60	5	0.003
0.261799	2.089241	-0.114193	138	60	135	0.003
-1.047198	2.089241	-0.114193	0	74	138	0.003
0.523599	1.736875	3.023612	1	73	7	0.003
0.785398	1.736875	3.023612	0	78	2	0.003
2.094395	1.736875	3.023612	1	77	7	0.003
2.617994	2.407836	1.410646	135	83	3	0.003
2.356194	2.407836	1.410646	139	77	5	0.003
2.094395	2.407836	1.410646	135	78	0	0.003
1.832596	2.407836	1.410646	138	78	133	0.003
-2.879793	0.591903	2.010408	127	76	1	0.003
-0.785398	1.599406	1.426070	139	80	135	0.003
1.047198	2.407836	1.410646	133	85	139	0.003
0.785398	2.407836	1.410646	0	79	8	0.003
-1.047198	0.591903	2.010408	6	59	2	0.003
0.261799	2.407836	1.410646	2	77	2	0.003
-0.261799	2.407836	1.410646	0	85	138	0.003
-0.523599	1.599406	1.426070	0	78	137	0.003
1.047198	0.591903	2.010408	3	81	136	0.003
-0.785398	2.407836	1.410646	3	59	2	0.003
1.832596	0.591903	2.010408	0	58	138	0.003
2.356194	0.591903	2.010408	134	59	139	0.003
1.308997	1.113094	-0.272241	139	64	137	0.003
-1.047198	2.760637	2.781135	135	60	12	0.003
0.261799	1.113094	-0.272241	136	79	134	0.003
-1.047198	1.113094	-0.272241	0	59	0	0.003
-1.570796	1.113094	-0.272241	3	77	4	0.003
-2.879793	1.113094	-0.272241	138	82	132	0.003
1.047198	2.760637	2.781135	0	73	138	0.003
1.308997	2.760637	2.781135	139	83	0	0.003
2.879793	2.592629	0.909713	136	77	137	0.003
2.356194	2.592629	0.909713	139	82	5	0.003
-0.261799	1.599406	1.426070	6	74	7	0.003
2.094395	2.592629	0.909713	139	78	4	0.003
-2.617994	1.256302	0.062705	7	80	136	0.003
-2.356194	1.256302	0.062705	136	60	138	0.003
-1.570796	1.256302	0.062705	1	75	138	0.003
-1.308997	1.256302	0.062705	138	74	135	0.003
-1.047198	1.256302	0.062705	138	77	128	0.003
0.000000	2.592629	0.909713	0	74	133	0.003
-0.261799	1.256302	0.062705	138	76	134	0.003
0.523599	1.256302	0.062705	135	78	133	0.003
0.785398	1.256302	0.062705	138	68	132	0.003
1.047198	1.256302	0.062705	138	58	135	0.003
0.000000	1.599406	1.426070	8	73	0	0.003
2.094395	1.256302	0.062705	139	77	132	0.003
-1.832596	1.214854	-1.966664	4	79	2	0.003
0.523599	1.662363	0.915448	139	81	1	0.003
0.785398	1.599406	1.426070	0	82	3	0.003
1.047198	1.599406	1.426070	136	82	130	0.003
1.308997	1.599406	1.426070	6	78	138	0.003
-2.094395	1.214854	-1.966664	3	81	139	0.003
1.832596	1.599406	1.426070	2	84	5	0.003
-2.879793	1.214854	-1.966664	1	60	2	0.003
-2.879793	1.554776	0.100351	6	75	137	0.003
2.356194	0.418037	1.360082	128	71	136	0.003
-0.261799	1.450119	-2.739050	0	84	8	0.003
-0.523599	1.554776	0.100351	1	78	2	0.003
1.308997	1.554776	0.100351	138	66	4	0.003
2.879793	1.658653	-2.409879	7	71	138	0.003
-1.570796	0.618092	2.539118	2	78	7	0.003
-1.047198	0.618092	2.539118	9	60	1	0.003
2.617994	1.658653	-2.409879	0	77	5	0.003
-0.261799	0.618092	2.539118	137	83	131	0.003
0.000000	0.618092	2.539118	1	77	139	0.003
2.094395	1.658653	-2.409879	2	55	8	0.003
1.570796	1.658653	-2.409879	137	60	2	0.003
0.261799	1.658653	-2.409879	130	73	3	0.003
-1.047198	1.658653	-2.409879	135	60	4	0.003
-2.356194	1.658653	-2.409879	7	83	3	0.003
-2.617994	1.658653	-2.409879	7	69	3	0.003
-3.141593	1.658653	-2.409879	0	77	0	0.003
0.261799	1.662363	0.915448	3	85	133	0.003
2.094395	1.433411	-1.035986	137	78	132	0.003
-2.356194	1.846342	-1.796954	4	69	136	0.003
-2.094395	1.846342	-1.796954	138	78	8	0.003
1.832596	1.433411	-1.035986	0	60	2	0.003
-1.308997	1.846342	-1.796954	136	77	138	0.003
-1.047198	1.846342	-1.796954	2	80	137	0.003
0.785398	1.433411	-1.035986	1	60	3	0.003
-0.261799	1.846342	-1.796954	133	82	1	0.003
0.000000	1.846342	-1.796954	135	83	1	0.003
0.523599	1.433411	-1.035986	0	82	0	0.003
-0.261799	1.662363	0.915448	8	72	0	0.003
0.785398	1.846342	-1.796954	136	64	137	0.003
0.000000	1.433411	-1.035986	136	77	4	0.003
-0.785398	1.433411	-1.035986	130	82	139	0.003
-1.047198	1.433411	-1.035986	137	81	136	0.003
1.832596	1.846342	-1.796954	139	53	136	0.003
0.523599	1.450119	-2.739050	1	82	7	0.003
-1.047198	1.662363	0.915448	5	78	139	0.003
2.879793	1.846342	-1.796954	139	78	3	0.003
-2.094395	1.433411	-1.035986	137	85	133	0.003
-2.356194	1.433411	-1.035986	137	83	135	0.003
-1.832596	0.615174	-0.666022	0	84	7	0.003
1.570796	2.379497	0.561089	133	59	138	0.003
-0.785398	0.615174	-0.666022	132	60	139	0.003
1.047198	2.379497	0.561089	133	78	128	0.003
-0.261799	2.379497	0.561089	6	80	133	0.003
-0.523599	2.379497	0.561089	8	71	135	0.003
1.308997	0.615174	-0.666022	6	60	135	0.003
1.832596	0.615174	-0.666022	4	82	139	0.003
2.356194	0.615174	-0.666022	135	81	135	0.003
2.617994	0.615174	-0.666022	139	74	135	0.003
-2.879793	1.662363	0.915448	138	60	136	0.003
1.570796	1.450119	-2.739050	137	72	4	0.003
-2.879793	2.393226	1.857173	132	78	2	0.003
-2.617994	2.393226	1.857173	139	79	6	0.003
1.570796	0.496451	0.593859	139	82	134	0.003
1.308997	0.496451	0.593859	4	82	6	0.003
1.047198	0.496451	0.593859	5	77	137	0.003
0.261799	0.496451	0.593859	139	56	0	0.003
-0.523599	2.393226	1.857173	7	60	7	0.003
-0.261799	2.393226	1.857173	3	83	138	0.003
0.000000	2.393226	1.857173	1	82	138	0.003
0.000000	0.496451	0.593859	6	82	0	0.003
-1.570796	0.496451	0.593859	131	68	139	0.003
2.879793	2.393226	1.857173	132	68	4	0.003
-0.785398	1.569311	-3.003978	5	78	2	0.003
0.785398	1.569311	-3.003978	3	74	9	0.003
1.570796	1.569311	-3.003978	133	60	12	0.003
2.094395	1.450119	-2.739050	137	77	4	0.003
2.617994	1.569311	-3.003978	5	83	138	0.003
2.879793	1.569311	-3.003978	136	80	2	0.003
-1.832596	0.419640	2.974122	3	77	134	0.003
-1.308997	0.419640	2.974122	2	60	137	0.003
-0.785398	0.419640	2.974122	4	85	5	0.003
0.000000	0.419640	2.974122	133	83	133	0.003
0.000000	1.904882	-1.478089	131	82	2	0.003
-0.261799	1.904882	-1.478089	136	83	0	0.003
2.094395	0.419640	2.974122	129	78	135	0.003
-2.617994	1.904882	-1.478089	3	74	136	0.003
-3.141593	1.904882	-1.478089	10	57	5	0.003
-3.141593	1.134796	2.434290	134	77	3	0.003
1.570796	1.301460	-0.509251	137	60	130	0.003
1.308997	1.301460	-0.509251	3	60	2	0.003
0.785398	1.301460	-0.509251	3	83	136	0.003
-0.523599	1.301460	-0.509251	135	80	2	0.003
0.000000	1.134796	2.434290	2	82	5	0.003
-0.785398	1.301460	-0.509251	132	74	135	0.003
1.047198	1.134796	2.434290	130	79	2	0.003
1.308997	1.134796	2.434290	137	84	137	0.003
1.832596	1.134796	2.434290	136	77	4	0.003
-3.141593	2.404280	-0.174044	2	60	133	0.003
-3.141593	1.301460	-0.509251	139	92	6	0.003
-1.832596	1.574060	2.783565	1	78	9	0.003
-3.141593	1.662363	0.915448	0	78	135	0.003
-0.785398	1.574060	2.783565	9	68	7	0.003
-0.523599	1.574060	2.783565	138	78	2	0.003
-0.261799	1.574060	2.783565	6	70	7	0.003
-2.617994	2.404280	-0.174044	6	76	139	0.003
2.617994	1.247695	1.809890	134	77	134	0.003
0.523599	1.574060	2.783565	8	82	3	0.003
2.094395	1.247695	1.809890	136	76	137	0.003
-2.356194	2.404280	-0.174044	5	74	131	0.003
1.308997	1.574060	2.783565	138	68	4	0.003
1.308997	1.247695	1.809890	2	77	138	0.003
0.261799	1.247695	1.809890	9	80	0	0.003
0.000000	1.247695	1.809890	10	83	138	0.003
-2.356194	2.587733	0.232235	6	69	132	0.003
-0.261799	2.587733	0.232235	1	85	136	0.003
0.000000	2.587733	0.232235	6	78	136	0.003
0.261799	2.587733	0.232235	136	82	136	0.003
-2.617994	1.247695	1.809890	129	73	138	0.003
0.785398	2.587733	0.232235	134	74	135	0.003
-2.879793	1.247695	1.809890	134	60	136	0.003
1.570796	2.587733	0.232235	135	80	3	0.003
2.617994	1.875281	0.107086	2	68	134	0.003
1.047198	1.875281	0.107086	139	77	139	0.003
-2.879793	1.413430	2.550734	132	80	2	0.003
-1.832596	1.413430	2.550734	137	71	2	0.003
-1.308997	1.413430	2.550734	138	56	5	0.003
-0.785398	1.875281	0.107086	1	77	131	0.003
-0.261799	1.413430	2.550734	5	76	139	0.003
-2.094395	1.875281	0.107086	139	78	136	0.003
2.879793	2.073035	2.027405	136	78	133	0.003
-1.308997	2.404280	-0.174044	3	77	3	0.003
2.356194	2.073035	2.027405	128	77	138	0.003
2.617994	1.413430	2.550734	2	82	5	0.003
-3.141593	1.417623	-0.202254	1	87	136	0.003
0.523599	2.073035	2.027405	7	82	3	0.003
-2.356194	1.417623	-0.202254	3	81	137	0.003
-2.094395	1.417623	-0.202254	139	59	135	0.003
0.000000	2.073035	2.027405	0	76	4	0.003
-1.570796	2.073035	2.027405	0	56	6	0.003
-1.832596	2.073035	2.027405	139	78	136	0.003
-2.094395	2.073035	2.027405	137	59	137	0.003
0.261799	1.417623	-0.202254	138	87	132	0.003
-3.141593	2.073035	2.027405	138	78	7	0.003
-0.785398	2.404280	-0.174044	139	77	133	0.003
2.094395	1.417623	-0.202254	138	76	139	0.003
2.617994	1.417623	-0.202254	134	83	133	0.003
1.570796	1.683268	0.374177	0	60	129	0.003
0.785398	1.683268	0.374177	5	83	137	0.003
0.785398	2.455966	-0.641220	1	68	2	0.003
0.261799	1.683268	0.374177	3	78	1	0.003
-2.356194	0.370812	-2.547742	6	60	139	0.003
0.523599	2.455966	-0.641220	132	76	133	0.003
-1.832596	0.370812	-2.547742	0	78	133	0.003
-0.261799	1.683268	0.374177	1	73	132	0.003
-1.047198	0.370812	-2.547742	4	60	5	0.003
-0.785398	0.370812	-2.547742	1	83	7	0.003
-0.785398	1.683268	0.374177	5	60	0	0.003
0.261799	0.370812	-2.547742	0	78	7	0.003
-1.047198	1.683268	0.374177	1	78	127	0.003
0.785398	0.370812	-2.547742	138	78	137	0.003
1.047198	0.370812	-2.547742	136	69	2	0.003
1.308997	0.370812	-2.547742	0	82	136	0.003
-0.261799	2.455966	-0.641220	138	78	136	0.003
-1.832596	1.683268	0.374177	0	64	135	0.003
-3.141593	1.683268	0.374177	134	74	137	0.003
0.000000	1.696674	-1.253233	130	80	0	0.003
-1.308997	1.696674	-1.253233	1	81	6	0.003
-1.570796	1.696674	-1.253233	135	82	6	0.003
-2.617994	0.640596	-2.797608	5	77	6	0.003
-2.356194	0.640596	-2.797608	1	66	3	0.003
-1.832596	0.640596	-2.797608	3	65	0	0.003
-1.832596	1.696674	-1.253233	0	85	8	0.003
-1.308997	0.640596	-2.797608	9	71	138	0.003
-1.047198	0.640596	-2.797608	8	82	137	0.003
-3.141593	1.696674	-1.253233	7	72	8	0.003
2.094395	2.881233	-2.582574	138	71	3	0.003
0.261799	0.640596	-2.797608	138	77	4	0.003
0.523599	0.640596	-2.797608	139	78	134	0.003
-2.094395	2.881233	-2.582574	1	78	136	0.003
1.047198	0.640596	-2.797608	133	77	3	0.003
1.308997	0.640596	-2.797608	134	60	0	0.003
-2.879793	2.881233	-2.582574	138	77	0	0.003
2.356194	1.128190	-2.288622	2	59	7	0.003
0.785398	2.404280	-0.174044	1	83	9	0.003
1.832596	1.128190	-2.288622	138	77	8	0.003
2.879793	0.640596	-2.797608	4	64	0	0.003
1.308997	1.128190	-2.288622	136	60	0	0.003
0.785398	1.128190	-2.288622	135	77	133	0.003
-0.523599	2.455966	-0.641220	138	78	132	0.003
0.523599	1.128190	-2.288622	127	83	2	0.003
-0.261799	1.128190	-2.288622	3	77	5	0.003
-1.308997	2.455966	-0.641220	2	83	134	0.003
-0.523599	1.128190	-2.288622	134	85	137	0.003
-1.047198	2.979456	-1.009304	128	78	135	0.003
-0.785398	2.979456	-1.009304	139	77	137	0.003
-0.785398	1.128190	-2.288622	3	81	0	0.003
-0.261799	2.979456	-1.009304	132	76	4	0.003
-1.308997	1.128190	-2.288622	1	88	7	0.003
-2.094395	1.128190	-2.288622	2	73	3	0.003
-2.879793	1.128190	-2.288622	3	70	5	0.003
2.094395	0.929350	-2.910676	136	75	3	0.003
2.094395	2.979456	-1.009304	136	77	137	0.003
1.832596	0.929350	-2.910676	137	78	9	0.003
0.523599	0.929350	-2.910676	137	77	6	0.003
-0.261799	0.929350	-2.910676	0	78	139	0.003
-3.141593	0.831641	0.616218	133	77	128	0.003
-0.523599	0.929350	-2.910676	0	78	8	0.003
-2.617994	0.831641	0.616218	138	81	136	0.003
-0.785398	0.929350	-2.910676	138	83	2	0.003
-1.047198	0.929350	-2.910676	139	84	8	0.003
-1.570796	0.929350	-2.910676	139	64	0	0.003
-1.832596	0.929350	-2.910676	7	78	139	0.003
-0.785398	0.831641	0.616218	0	80	138	0.003
0.261799	0.831641	0.616218	4	83	139	0.003
1.832596	2.404280	-0.174044	134	60	131	0.003
2.879793	0.910508	1.903534	139	59	7	0.003
1.308997	0.910508	1.903534	138	91	1	0.003
2.094395	0.831641	0.616218	1	78	3	0.003
0.785398	0.910508	1.903534	3	77	139	0.003
0.000000	0.910508	1.903534	8	78	4	0.003
-2.879793	2.343981	-1.040456	7	68	137	0.003
-2.617994	2.343981	-1.040456	4	82	139	0.003
2.094395	2.404280	-0.174044	138	68	139	0.003
-1.570796	2.343981	-1.040456	6	77	130	0.003
-1.047198	0.910508	1.903534	4	60	0	0.003
-3.141593	0.910508	1.903534	137	60	5	0.003
-1.832596	2.455966	-0.641220	7	78	133	0.003
-0.261799	2.343981	-1.040456	126	78	138	0.003
0.261799	2.343981	-1.040456	138	76	1	0.003
1.570796	2.704512	1.488683	134	78	137	0.003
0.785398	2.704512	1.488683	6	77	7	0.003
-0.523599	2.704512	1.488683	3	78	134	0.003
-0.785398	2.704512	1.488683	3	58	2	0.003
-2.094395	2.704512	1.488683	137	60	4	0.003
2.617994	1.824694	1.850876	128	80	0	0.003
-1.308997	1.998705	2.370472	138	56	3	0.003
0.000000	1.824694	1.850876	1	78	2	0.003
-0.261799	1.824694	1.850876	6	75	7	0.003
-0.785398	1.824694	1.850876	139	80	137	0.003
-1.047198	1.824694	1.850876	139	74	8	0.003
-1.570796	1.824694	1.850876	0	74	133	0.003
0.523599	1.998705	2.370472	5	80	132	0.003
0.785398	1.998705	2.370472	137	78	4	0.003
1.047198	1.998705	2.370472	139	74	0	0.003
1.308997	1.998705	2.370472	4	79	0	0.003
-2.094395	1.824694	1.850876	1	71	3	0.003
-2.617994	1.824694	1.850876	3	69	1	0.003
2.094395	1.998705	2.370472	138	68	136	0.003
2.094395	0.960688	-0.577532	4	68	139	0.003
2.617994	1.998705	2.370472	134	82	0	0.003
-3.141593	1.413347	-1.339188	1	70	138	0.003
2.094395	1.448123	-2.163292	137	82	8	0.003
-2.094395	1.413347	-1.339188	9	82	134	0.003
1.047198	0.960688	-0.577532	139	60	129	0.003
-1.308997	1.413347	-1.339188	3	78	0	0.003
-1.047198	1.413347	-1.339188	4	77	134	0.003
-0.785398	1.413347	-1.339188	3	80	2	0.003
0.785398	0.960688	-0.577532	136	69	139	0.003
-0.261799	1.413347	-1.339188	135	80	8	0.003
-0.785398	0.960688	-0.577532	138	82	0	0.003
0.523599	1.413347	-1.339188	137	69	134	0.003
-1.308997	0.960688	-0.577532	137	74	0	0.003
1.570796	1.413347	-1.339188	137	60	8	0.003
1.832596	1.413347	-1.339188	137	63	137	0.003
2.617994	1.413347	-1.339188	135	76	134	0.003
-2.879793	0.960688	-0.577532	139	69	137	0.003
1.832596	1.732874	-0.951685	138	69	131	0.003
-2.094395	0.674054	1.013609	136	69	130	0.003
-1.832596	0.674054	1.013609	133	60	134	0.003
-1.570796	0.674054	1.013609	135	77	135	0.003
-0.261799	1.732874	-0.951685	133	78	137	0.003
-1.308997	1.732874	-0.951685	138	87	4	0.003
-0.261799	0.674054	1.013609	137	66	134	0.003
0.261799	0.674054	1.013609	139	71	138	0.003
0.523599	0.674054	1.013609	3	78	0	0.003
-1.570796	1.732874	-0.951685	4	88	1	0.003
1.047198	0.674054	1.013609	137	82	135	0.003
-2.094395	1.732874	-0.951685	4	60	131	0.003
-2.879793	1.732874	-0.951685	6	79	4	0.003
2.617994	0.674054	1.013609	137	78	5	0.003
-2.879793	0.906588	1.252948	137	77	128	0.003
1.832596	1.448123	-2.163292	137	64	139	0.003
-2.094395	0.906588	1.252948	138	79	139	0.003
1.047198	1.374601	-2.456031	0	60	6	0.003
-1.570796	0.906588	1.252948	7	64	135	0.003
0.523599	1.374601	-2.456031	0	73	4	0.003
-0.785398	0.906588	1.252948	3	69	138	0.003
-0.523599	0.906588	1.252948	0	57	1	0.003
-0.261799	0.906588	1.252948	4	70	133	0.003
0.000000	0.906588	1.252948	4	79	133	0.003
0.261799	0.906588	1.252948	4	81	4	0.003
0.523599	0.906588	1.252948	2	81	6	0.003
1.047198	0.906588	1.252948	138	83	4	0.003
-1.047198	1.374601	-2.456031	139	82	135	0.003
-2.094395	1.374601	-2.456031	0	55	137	0.003
2.356194	0.906588	1.252948	135	76	5	0.003
-1.832596	2.115563	0.685730	0	65	129	0.003
-2.356194	1.374601	-2.456031	138	93	137	0.003
-2.617994	1.374601	-2.456031	5	77	139	0.003
-2.879793	1.374601	-2.456031	139	83	6	0.003
-1.308997	2.115563	0.685730	139	75	7	0.003
-1.832596	1.335669	0.897240	135	60	2	0.003
2.617994	2.251330	-2.330739	2	77	4	0.003
-0.523599	1.335669	0.897240	4	82	135	0.003
0.523599	2.251330	-2.330739	134	60	5	0.003
0.261799	1.335669	0.897240	4	81	136	0.003
-0.523599	2.251330	-2.330739	137	77	4	0.003
0.785398	1.335669	0.897240	5	72	135	0.003
1.047198	1.335669	0.897240	133	74	136	0.003
1.308997	1.335669	0.897240	1	85	139	0.003
1.570796	1.335669	0.897240	139	87	134	0.003
1.832596	1.335669	0.897240	136	77	132	0.003
-2.879793	1.870545	-2.976234	0	86	3	0.003
1.308997	1.025536	1.576859	0	74	139	0.003
0.523599	1.025536	1.576859	4	73	4	0.003
-0.523599	1.870545	-2.976234	138	66	137	0.003
-0.261799	1.025536	1.576859	1	78	139	0.003
-0.785398	1.025536	1.576859	0	76	138	0.003
-2.879793	1.450119	-2.739050	6	64	3	0.003
-2.879793	1.025536	1.576859	132	77	4	0.003
2.879793	1.870545	-2.976234	3	77	4	0.003
0.261799	0.700570	1.559208	8	79	137	0.003
2.617994	1.662363	0.915448	136	82	3	0.003
0.000000	0.700570	1.559208	1	60	136	0.003
-0.261799	0.700570	1.559208	1	60	136	0.003
-1.832596	2.164094	-2.991358	138	78	0	0.003
-2.094395	0.700570	1.559208	134	66	136	0.003
-2.879793	0.700570	1.559208	137	74	136	0.003
1.570796	2.063651	-2.044600	137	68	138	0.003
1.570796	2.164094	-2.991358	3	71	5	0.003
2.094395	2.164094	-2.991358	137	66	0	0.003
2.617994	2.164094	-2.991358	0	85	4	0.003
2.879793	2.164094	-2.991358	4	77	7	0.003
-2.879793	0.379747	-1.713059	10	67	135	0.003
-0.261799	2.063651	-2.044600	134	82	11	0.003
-2.094395	0.379747	-1.713059	138	80	3	0.003
-1.832596	0.379747	-1.713059	4	82	136	0.003
-1.570796	0.379747	-1.713059	136	81	135	0.003
-0.785398	2.063651	-2.044600	131	85	4	0.003
-1.308997	2.063651	-2.044600	134	82	134	0.003
0.261799	2.115563	0.685730	0	80	0	0.003
2.879793	0.685216	-1.712745	0	83	130	0.003
0.523599	2.115563	0.685730	4	80	136	0.003
-0.261799	0.685216	-1.712745	133	56	4	0.003
0.785398	2.115563	0.685730	5	87	0	0.003
-0.523599	0.685216	-1.712745	132	81	131	0.003
-0.785398	0.685216	-1.712745	3	78	9	0.003
-1.570796	0.685216	-1.712745	3	77	130	0.003
1.570796	1.391910	3.030322	134	70	6	0.003
1.047198	1.391910	3.030322	138	77	5	0.003
1.308997	2.187132	-0.479875	134	70	0	0.003
1.047198	2.115563	0.685730	1	78	8	0.003
0.000000	1.391910	3.030322	1	78	10	0.003
2.879793	2.187132	-0.479875	4	78	137	0.003
-0.523599	1.391910	3.030322	138	85	5	0.003
-2.617994	0.866955	-0.931351	9	82	4	0.003
-2.356194	0.866955	-0.931351	5	78	9	0.003
-1.832596	0.866955	-0.931351	5	78	139	0.003
2.356194	2.588535	-2.976617	136	83	1	0.003
1.832596	2.588535	-2.976617	2	59	8	0.003
-0.785398	2.588535	-2.976617	136	60	4	0.003
-1.570796	2.588535	-2.976617	1	77	12	0.003
-1.832596	2.588535	-2.976617	135	78	4	0.003
-2.356194	2.588535	-2.976617	136	77	4	0.003
1.570796	0.866955	-0.931351	0	85	128	0.003
2.094395	0.866955	-0.931351	6	78	130	0.003
1.832596	0.733948	3.021411	137	78	133	0.003
1.308997	0.733948	3.021411	139	82	13	0.003
0.785398	0.733948	3.021411	1	84	3	0.003
0.523599	0.733948	3.021411	138	69	4	0.003
-0.261799	0.733948	3.021411	3	80	6	0.003
1.832596	2.115563	0.685730	132	71	130	0.003
-0.523599	0.733948	3.021411	138	60	1	0.003
2.356194	2.115563	0.685730	133	78	136	0.003
2.617994	2.115563	0.685730	133	77	138	0.003
-2.617994	0.733948	3.021411	1	59	0	0.003
2.356194	1.721184	-0.153948	1	77	134	0.003
1.047198	2.299159	2.264663	3	82	7	0.003
1.832596	1.721184	-0.153948	137	57	137	0.003
2.617994	2.299159	2.264663	132	77	0	0.003
1.047198	1.721184	-0.153948	135	78	1	0.003
0.785398	1.721184	-0.153948	139	81	6	0.003
-2.356194	1.812176	0.656819	137	71	131	0.003
-1.570796	1.812176	0.656819	0	87	136	0.003
-1.047198	1.812176	0.656819	2	83	1	0.003
0.000000	1.812176	0.656819	134	73	138	0.003
1.047198	1.812176	0.656819	131	68	138	0.003
1.570796	1.812176	0.656819	139	77	138	0.003
2.094395	1.812176	0.656819	138	82	7	0.003
2.356194	1.812176	0.656819	0	79	1	0.003
-2.356194	1.721184	-0.153948	2	59	130	0.003
-2.879793	1.756530	-2.105156	3	69	139	0.003
-2.617994	1.756530	-2.105156	4	78	1	0.003
2.356194	1.050534	3.042579	133	67	4	0.003
-0.785398	1.050534	3.042579	134	77	6	0.003
0.523599	2.719179	-1.780644	132	83	132	0.003
-1.047198	1.050534	3.042579	1	76	9	0.003
-1.308997	1.050534	3.042579	135	78	5	0.003
-2.356194	1.050534	3.042579	6	78	8	0.003
2.356194	2.719179	-1.780644	1	59	0	0.003
2.356194	0.762244	-0.273349	3	79	1	0.003
1.308997	0.762244	-0.273349	1	58	135	0.003
-1.832596	2.396274	-1.959260	137	75	6	0.003
-1.570796	2.396274	-1.959260	132	71	138	0.003
-2.356194	1.756530	-2.105156	6	68	3	0.003
-0.523599	2.396274	-1.959260	133	60	135	0.003
-0.261799	2.396274	-1.959260	136	74	7	0.003
-1.047198	0.762244	-0.273349	138	65	2	0.003
-1.832596	0.762244	-0.273349	135	78	6	0.003
-2.094395	1.756530	-2.105156	138	85	139	0.003
-2.356194	0.762244	-0.273349	3	77	139	0.003
-2.617994	0.762244	-0.273349	0	75	129	0.003
2.094395	2.396274	-1.959260	3	56	5	0.003
2.356194	2.396274	-1.959260	4	83	137	0.003
-3.141593	0.762244	-0.273349	4	60	137	0.003
-2.617994	0.866395	-2.492918	9	78	1	0.003
-1.832596	1.756530	-2.105156	0	73	133	0.003
0.261799	1.448123	-2.163292	131	83	0	0.003
-2.094395	1.450119	-2.739050	2	85	10	0.003
-0.261799	0.866395	-2.492918	130	74	2	0.003
0.000000	0.866395	-2.492918	136	60	5	0.003
2.094395	1.872854	1.543456	133	73	133	0.003
0.523599	0.866395	-2.492918	131	81	138	0.003
-0.785398	1.756530	-2.105156	132	83	6	0.003
1.570796	1.872854	1.543456	0	77	8	0.003
1.047198	1.872854	1.543456	138	85	139	0.003
2.617994	0.866395	-2.492918	0	56	136	0.003
-2.356194	1.617114	-1.572037	2	77	135	0.003
-2.094395	1.617114	-1.572037	6	86	0	0.003
-1.047198	1.872854	1.543456	2	78	6	0.003
-1.570796	1.872854	1.543456	2	78	4	0.003
-1.570796	1.448123	-2.163292	2	76	8	0.003
0.261799	1.756530	-2.105156	138	72	7	0.003
-2.094395	1.448123	-2.163292	1	78	9	0.003
0.785398	1.617114	-1.572037	132	78	2	0.003
2.356194	1.662363	0.915448	0	74	2	0.003
1.570796	1.617114	-1.572037	139	52	139	0.003
2.617994	1.617114	-1.572037	4	76	2	0.003
2.879793	1.617114	-1.572037	7	63	2	0.003
-3.141593	0.864993	2.278281	137	72	135	0.003
0.785398	2.104282	-0.813972	133	79	139	0.003
-2.094395	0.864993	2.278281	139	84	138	0.003
0.000000	2.104282	-0.813972	0	81	1	0.003
-0.261799	2.104282	-0.813972	137	79	3	0.003
-0.523599	0.864993	2.278281	3	81	135	0.003
-1.047198	2.104282	-0.813972	1	88	139	0.003
0.261799	0.864993	2.278281	9	75	3	0.003
-1.308997	2.104282	-0.813972	4	84	5	0.003
0.785398	0.864993	2.278281	5	77	139	0.003
-1.832596	2.104282	-0.813972	2	78	2	0.003
1.308997	0.864993	2.278281	0	82	134	0.003
1.570796	0.864993	2.278281	0	83	138	0.003
-2.617994	2.104282	-0.813972	6	75	139	0.003
-3.141593	1.014500	0.906702	135	78	136	0.003
-2.879793	1.014500	0.906702	133	82	136	0.003
-2.617994	1.014500	0.906702	132	60	139	0.003
-2.356194	1.014500	0.906702	1	60	6	0.003
-2.094395	1.014500	0.906702	133	76	130	0.003
-2.879793	2.104282	-0.813972	8	77	4	0.003
-1.570796	1.014500	0.906702	133	55	136	0.003
2.879793	0.992645	-1.723759	137	59	1	0.003
-1.047198	1.014500	0.906702	2	69	134	0.003
2.617994	0.992645	-1.723759	9	77	138	0.003
0.000000	1.014500	0.906702	3	82	138	0.003
0.261799	1.014500	0.906702	4	77	127	0.003
1.308997	0.992645	-1.723759	134	77	3	0.003
1.308997	1.014500	0.906702	2	83	131	0.003
1.570796	1.014500	0.906702	6	82	130	0.003
-2.879793	2.247462	0.191623	1	69	1	0.003
-2.094395	0.992645	-1.723759	8	80	2	0.003
-2.356194	0.992645	-1.723759	137	78	135	0.003
-1.570796	2.247462	0.191623	3	60	6	0.003
0.000000	2.456751	-1.503343	132	78	0	0.003
-0.785398	2.247462	0.191623	7	77	139	0.003
-2.617994	0.992645	-1.723759	7	67	6	0.003
2.879793	1.756530	-2.105156	0	70	135	0.003
0.785398	2.247462	0.191623	2	80	137	0.003
1.047198	2.247462	0.191623	134	77	128	0.003
1.832596	1.242974	-2.977882	137	75	6	0.003
2.356194	2.247462	0.191623	136	56	138	0.003
1.570796	1.242974	-2.977882	3	56	7	0.003
0.785398	1.242974	-2.977882	138	82	9	0.003
0.523599	1.242974	-2.977882	132	77	5	0.003
-0.523599	1.242974	-2.977882	135	82	136	0.003
-0.785398	1.242974	-2.977882	1	85	10	0.003
-1.832596	2.724429	-0.348782	3	84	8	0.003
-1.570796	2.724429	-0.348782	139	83	130	0.003
-1.308997	2.724429	-0.348782	135	80	136	0.003
-0.785398	2.724429	-0.348782	0	71	133	0.003
-0.261799	2.724429	-0.348782	1	86	3	0.003
-1.570796	1.242974	-2.977882	3	80	138	0.003
0.785398	2.724429	-0.348782	129	70	135	0.003
1.047198	2.724429	-0.348782	131	71	4	0.003
1.308997	2.724429	-0.348782	138	71	6	0.003
1.832596	2.724429	-0.348782	136	70	131	0.003
2.094395	2.724429	-0.348782	135	76	2	0.003
0.261799	0.080730	-2.622036	129	80	137	0.003
-0.523599	0.080730	-2.622036	0	78	2	0.003
-3.141593	1.194549	-0.801900	9	82	139	0.003
-2.879793	1.194549	-0.801900	7	83	133	0.003
-1.047198	0.080730	-2.622036	2	82	132	0.003
-2.356194	1.194549	-0.801900	138	80	2	0.003
-1.832596	1.194549	-0.801900	138	69	134	0.003
-2.094395	0.080730	-2.622036	3	60	7	0.003
-2.356194	0.080730	-2.622036	7	60	131	0.003
-0.523599	1.194549	-0.801900	134	84	0	0.003
-0.261799	1.194549	-0.801900	1	69	136	0.003
0.000000	1.194549	-0.801900	135	76	136	0.003
2.356194	0.297065	2.160177	134	60	1	0.003
0.523599	1.194549	-0.801900	3	69	137	0.003
0.785398	1.194549	-0.801900	135	66	133	0.003
1.570796	1.194549	-0.801900	138	68	0	0.003
1.832596	1.194549	-0.801900	3	60	138	0.003
-1.570796	1.869911	2.701025	6	68	10	0.003
0.523599	0.297065	2.160177	136	86	2	0.003
2.879793	1.194549	-0.801900	4	74	2	0.003
0.000000	0.297065	2.160177	2	82	139	0.003
-2.356194	1.504028	0.636812	129	77	138	0.003
-1.047198	0.297065	2.160177	133	59	132	0.003
-1.832596	1.504028	0.636812	1	77	131	0.003
-2.879793	0.297065	2.160177	135	74	135	0.003
-1.047198	1.504028	0.636812	5	78	6	0.003
2.356194	2.033014	2.977192	135	76	136	0.003
0.785398	1.504028	0.636812	3	82	4	0.003
1.570796	1.504028	0.636812	134	60	136	0.003
2.094395	1.504028	0.636812	138	87	3	0.003
2.356194	1.504028	0.636812	133	80	1	0.003
-2.879793	1.741644	-2.695914	138	74	6	0.003
0.523599	2.033014	2.977192	4	71	3	0.003
-2.356194	1.741644	-2.695914	6	78	8	0.003
-1.047198	2.033014	2.977192	4	60	6	0.003
-1.308997	2.033014	2.977192	136	73	4	0.003
-2.094395	2.033014	2.977192	134	68	8	0.003
-0.261799	1.741644	-2.695914	134	82	137	0.003
0.000000	1.741644	-2.695914	135	74	10	0.003
-0.785398	1.982574	-1.115518	137	81	135	0.003
0.785398	1.741644	-2.695914	137	69	10	0.003
1.308997	1.741644	-2.695914	132	60	4	0.003
-2.879793	1.982574	-1.115518	8	79	2	0.003
2.617994	1.741644	-2.695914	138	68	139	0.003
1.832596	0.571433	-1.188419	3	60	0	0.003
-2.617994	2.174483	2.653697	134	68	5	0.003
-2.094395	2.174483	2.653697	136	78	136	0.003
-1.570796	2.174483	2.653697	137	60	3	0.003
-1.308997	2.174483	2.653697	136	66	9	0.003
-1.047198	2.174483	2.653697	134	66	1	0.003
2.617994	1.510910	-0.740472	0	78	1	0.003
2.356194	1.510910	-0.740472	139	60	138	0.003
0.785398	2.174483	2.653697	1	71	1	0.003
1.832596	2.174483	2.653697	138	77	135	0.003
1.047198	1.510910	-0.740472	136	60	135	0.003
2.356194	2.174483	2.653697	139	74	8	0.003
-0.785398	1.869911	2.701025	2	77	138	0.003
0.261799	1.510910	-0.740472	134	80	139	0.003
-2.879793	2.664082	-1.071402	2	73	135	0.003
-2.617994	2.664082	-1.071402	5	78	132	0.003
0.000000	1.510910	-0.740472	132	78	1	0.003
-0.261799	1.510910	-0.740472	0	82	137	0.003
-1.308997	1.510910	-0.740472	1	60	134	0.003
-1.570796	1.510910	-0.740472	7	78	5	0.003
-0.261799	2.664082	-1.071402	0	83	135	0.003
0.000000	2.664082	-1.071402	132	77	133	0.003
0.785398	2.664082	-1.071402	129	80	137	0.003
-2.879793	1.510910	-0.740472	1	83	0	0.003
1.570796	2.664082	-1.071402	137	71	139	0.003
2.617994	0.203748	0.590255	136	82	136	0.003
0.261799	0.203748	0.590255	139	78	136	0.003
-1.308997	0.203748	0.590255	3	68	139	0.003
-2.356194	2.579248	-2.364801	137	79	6	0.003
-2.094395	0.203748	0.590255	135	68	136	0.003
-0.523599	2.579248	-2.364801	129	59	2	0.003
2.617994	2.295480	1.008277	3	78	2	0.003
0.261799	2.579248	-2.364801	133	78	137	0.003
1.832596	2.295480	1.008277	138	83	139	0.003
0.785398	2.579248	-2.364801	132	76	135	0.003
1.308997	2.295480	1.008277	1	84	135	0.003
1.308997	2.579248	-2.364801	3	59	138	0.003
1.570796	2.579248	-2.364801	1	59	1	0.003
1.832596	2.579248	-2.364801	1	60	2	0.003
2.356194	2.579248	-2.364801	6	83	6	0.003
2.617994	2.579248	-2.364801	7	75	11	0.003
-2.617994	0.899350	-2.069907	136	78	135	0.003
-2.094395	0.899350	-2.069907	4	82	6	0.003
-1.832596	0.899350	-2.069907	0	82	137	0.003
-1.570796	0.899350	-2.069907	5	74	6	0.003
-0.523599	2.295480	1.008277	137	74	2	0.003
-3.141593	2.295480	1.008277	135	80	0	0.003
0.000000	0.899350	-2.069907	136	82	139	0.003
2.617994	1.555207	1.708892	1	79	137	0.003
1.832596	1.555207	1.708892	1	82	136	0.003
1.308997	1.555207	1.708892	2	95	137	0.003
1.047198	0.899350	-2.069907	137	74	139	0.003
0.261799	1.555207	1.708892	1	76	4	0.003
1.570796	0.899350	-2.069907	0	83	6	0.003
0.000000	1.555207	1.708892	7	67	139	0.003
-1.570796	1.555207	1.708892	138	60	3	0.003
-1.832596	1.555207	1.708892	0	80	3	0.003
-2.356194	1.555207	1.708892	138	76	10	0.003
-2.617994	1.555207	1.708892	139	78	4	0.003
-2.094395	2.984978	1.954446	130	77	136	0.003
2.356194	1.218453	2.777284	136	70	7	0.003
0.785398	1.218453	2.777284	2	80	10	0.003
-1.047198	1.218453	2.777284	2	56	2	0.003
0.000000	2.984978	1.954446	3	60	132	0.003
0.261799	2.984978	1.954446	9	76	136	0.003
-2.094395	1.218453	2.777284	3	78	3	0.003
2.879793	2.637879	2.121598	132	80	9	0.003
1.308997	2.637879	2.121598	3	82	1	0.003
1.570796	2.984978	1.954446	138	80	8	0.003
1.832596	2.984978	1.954446	0	73	2	0.003
2.094395	2.984978	1.954446	130	77	1	0.003
1.047198	2.637879	2.121598	136	82	3	0.003
0.785398	2.637879	2.121598	137	85	136	0.003
2.879793	2.984978	1.954446	134	78	0	0.003
0.000000	2.637879	2.121598	1	77	4	0.003
-2.617994	1.766067	2.153843	129	69	1	0.003
-2.094395	2.637879	2.121598	131	68	137	0.003
-1.308997	1.766067	2.153843	1	80	3	0.003
1.832596	1.977582	0.969896	138	77	2	0.003
1.308997	1.977582	0.969896	136	83	9	0.003
-0.523599	1.766067	2.153843	6	77	0	0.003
0.000000	1.766067	2.153843	7	78	137	0.003
0.261799	1.766067	2.153843	6	78	3	0.003
0.523599	1.766067	2.153843	5	78	139	0.003
0.785398	1.766067	2.153843	139	77	137	0.003
0.261799	1.977582	0.969896	0	74	4	0.003
1.570796	1.766067	2.153843	0	78	6	0.003
-0.785398	1.977582	0.969896	2	77	3	0.003
2.094395	1.766067	2.153843	136	79	7	0.003
2.356194	1.766067	2.153843	137	87	1	0.003
-1.832596	1.977582	0.969896	5	78	0	0.003
2.094395	1.506530	1.988858	138	80	11	0.003
-2.356194	1.809167	1.213774	134	68	131	0.003
1.570796	1.506530	1.988858	1	78	5	0.003
1.047198	1.506530	1.988858	5	74	0	0.003
0.785398	1.506530	1.988858	1	60	133	0.003
0.523599	1.506530	1.988858	0	82	6	0.003
-1.570796	1.506530	1.988858	0	60	0	0.003
0.261799	1.809167	1.213774	136	81	131	0.003
0.785398	1.809167	1.213774	1	82	132	0.003
-1.832596	1.506530	1.988858	138	59	136	0.003
-2.356194	1.506530	1.988858	134	78	136	0.003
2.094395	1.869911	2.701025	137	78	7	0.003
2.356194	1.809167	1.213774	136	79	132	0.003
2.617994	1.809167	1.213774	135	80	136	0.003
2.879793	1.606104	-0.451151	139	83	133	0.003
-2.879793	1.135834	-1.431087	139	78	138	0.003
-2.617994	1.135834	-1.431087	1	73	0	0.003
-2.356194	1.135834	-1.431087	139	82	137	0.003
1.832596	1.606104	-0.451151	133	59	131	0.003
1.570796	1.606104	-0.451151	136	60	137	0.003
1.047198	1.606104	-0.451151	2	55	136	0.003
-0.785398	1.135834	-1.431087	133	82	139	0.003
-0.523599	1.135834	-1.431087	2	78	2	0.003
0.785398	1.135834	-1.431087	131	58	0	0.003
-1.308997	1.450119	-2.739050	2	82	138	0.003
-1.832596	1.606104	-0.451151	137	74	135	0.003
1.832596	1.135834	-1.431087	137	78	135	0.003
2.094395	1.135834	-1.431087	1	78	0	0.003
-2.879793	1.606104	-0.451151	137	78	132	0.003
-3.141593	1.909857	-0.381669	7	77	132	0.003
-2.356194	1.909857	-0.381669	7	77	133	0.003
-3.141593	1.606104	-0.451151	6	68	130	0.003
2.356194	1.325504	-1.671296	3	69	136	0.003
-1.308997	1.909857	-0.381669	137	79	138	0.003
2.094395	1.325504	-1.671296	136	60	138	0.003
1.832596	1.325504	-1.671296	1	59	4	0.003
-0.523599	1.909857	-0.381669	4	78	139	0.003
-0.261799	1.909857	-0.381669	138	78	135	0.003
0.523599	1.325504	-1.671296	133	73	135	0.003
-0.785398	1.325504	-1.671296	132	77	1	0.003
-1.047198	1.325504	-1.671296	2	70	0	0.003
-1.308997	1.325504	-1.671296	3	81	3	0.003
-2.094395	1.325504	-1.671296	5	78	4	0.003
-2.617994	1.325504	-1.671296	7	80	132	0.003
-2.879793	1.325504	-1.671296	139	78	6	0.003
-2.617994	1.195355	1.200319	131	67	5	0.003
-3.141593	1.325504	-1.671296	6	73	132	0.003
-2.094395	1.195355	1.200319	4	68	2	0.003
1.832596	1.488617	1.159546	138	88	1	0.003
-1.047198	1.195355	1.200319	3	78	4	0.003
1.308997	1.488617	1.159546	0	74	2	0.003
-0.261799	1.195355	1.200319	7	78	1	0.003
0.523599	1.195355	1.200319	138	82	138	0.003
-1.570796	2.001437	0.381215	3	78	6	0.003
-0.523599	1.545873	-1.877082	134	78	7	0.003
-0.261799	1.214854	-1.966664	135	60	7	0.003
0.000000	1.545873	-1.877082	133	83	134	0.003
0.261799	1.545873	-1.877082	137	77	7	0.003
1.308997	1.545873	-1.877082	2	78	0	0.003
1.832596	1.545873	-1.877082	3	74	0	0.003
2.356194	1.545873	-1.877082	3	77	1	0.003
-3.141593	2.356369	3.005869	1	78	138	0.003
-2.879793	2.356369	3.005869	133	77	8	0.003
-1.832596	2.356369	3.005869	0	77	135	0.003
-2.879793	2.478122	2.609777	137	61	139	0.003
-1.832596	2.180315	-1.357379	1	63	139	0.003
-1.832596	0.496451	0.593859	131	68	128	0.003
-0.523599	2.115563	0.685730	7	53	5	0.003
-1.570796	1.194549	-0.801900	136	66	130	0.003
1.308997	1.756530	-2.105156	137	61	135	0.003
0.000000	1.134497	-1.109631	130	91	2	0.003
2.094395	1.809167	1.213774	131	95	2	0.003
1.047198	2.174483	2.653697	4	68	136	0.003
-1.570796	0.571433	-1.188419	134	94	3	0.003
2.879793	2.033014	2.977192	1	64	2	0.003
1.570796	2.247462	0.191623	133	65	137	0.003
1.570796	0.762244	-0.273349	0	62	135	0.003
0.523599	1.812176	0.656819	4	68	7	0.003
-1.047198	2.115563	0.685730	8	63	130	0.003
1.570796	2.299159	2.264663	3	64	1	0.003
-1.047198	1.998705	2.370472	1	63	10	0.003
2.094395	1.721184	-0.153948	0	64	139	0.003
1.047198	1.045978	0.343692	2	63	133	0.003
1.570796	0.591903	2.010408	1	91	134	0.003
-1.308997	0.379747	-1.713059	138	92	138	0.003
-0.785398	2.001437	0.381215	6	90	133	0.003
-2.094395	0.831641	0.616218	135	61	137	0.003
-2.356194	2.396274	-1.959260	4	90	137	0.003
-2.094395	2.063651	-2.044600	137	91	137	0.003
0.000000	2.719179	-1.780644	128	72	132	0.003
-2.617994	1.450119	-2.739050	4	91	5	0.003
-0.261799	2.115563	0.685730	5	73	137	0.003
0.000000	2.115563	0.685730	139	74	1	0.003
-1.308997	1.756530	-2.105156	2	67	137	0.003
1.047198	1.756530	-2.105156	134	67	15	0.003
-0.261799	1.869911	2.701025	3	73	6	0.003
2.356194	1.869911	2.701025	131	74	4	0.003
-3.141593	1.599406	1.426070	130	54	138	0.003
-2.094395	1.599406	1.426070	134	66	130	0.003
0.523599	1.599406	1.426070	0	52	139	0.003
-2.356194	1.554776	0.100351	135	69	133	0.003
-3.141593	1.846342	-1.796954	7	70	135	0.003
0.523599	1.846342	-1.796954	131	74	0	0.003
2.356194	1.846342	-1.796954	3	74	139	0.003
2.617994	1.846342	-1.796954	6	74	5	0.003
0.785398	0.615174	-0.666022	132	68	134	0.003
2.879793	0.615174	-0.666022	9	73	135	0.003
-3.141593	2.393226	1.857173	132	74	5	0.003
-2.356194	1.569311	-3.003978	138	68	138	0.003
1.832596	1.569311	-3.003978	4	69	11	0.003
-2.879793	1.134796	2.434290	133	55	136	0.003
-1.832596	1.134796	2.434290	3	64	4	0.003
-0.261799	1.134796	2.434290	3	71	135	0.003
2.356194	1.134796	2.434290	129	74	7	0.003
-1.570796	1.574060	2.783565	2	63	2	0.003
0.000000	1.574060	2.783565	136	74	5	0.003
1.047198	1.574060	2.783565	136	66	6	0.003
-2.356194	1.413430	2.550734	0	74	136	0.003
-1.570796	1.413430	2.550734	2	74	4	0.003
0.523599	1.413430	2.550734	4	74	5	0.003
1.570796	1.413430	2.550734	137	73	0	0.003
0.785398	1.417623	-0.202254	135	67	132	0.003
1.570796	1.417623	-0.202254	134	64	135	0.003
2.879793	1.417623	-0.202254	0	74	134	0.003
0.523599	0.850607	-1.335383	136	71	3	0.003
-2.094395	0.370812	-2.547742	4	73	136	0.003
0.000000	0.370812	-2.547742	136	92	133	0.003
1.570796	0.370812	-2.547742	137	67	131	0.003
2.094395	0.640596	-2.797608	134	69	9	0.003
-2.356194	2.979456	-1.009304	10	66	139	0.003
-1.570796	2.979456	-1.009304	0	67	2	0.003
-0.261799	0.831641	0.616218	5	68	2	0.003
0.523599	0.831641	0.616218	3	73	133	0.003
-2.094395	2.343981	-1.040456	6	74	139	0.003
-0.523599	2.343981	-1.040456	132	71	2	0.003
1.047198	2.343981	-1.040456	131	63	4	0.003
-2.617994	1.998705	2.370472	139	74	9	0.003
-1.570796	1.998705	2.370472	0	69	3	0.003
-2.879793	1.413347	-1.339188	3	91	137	0.003
-3.141593	0.906588	1.252948	131	74	130	0.003
-2.356194	0.906588	1.252948	138	64	130	0.003
-1.047198	0.906588	1.252948	5	69	136	0.003
2.617994	0.906588	1.252948	138	59	131	0.003
-3.141593	1.335669	0.897240	134	74	130	0.003
-2.094395	1.335669	0.897240	139	66	134	0.003
2.617994	1.335669	0.897240	137	66	0	0.003
-0.785398	1.870545	-2.976234	1	74	5	0.003
0.000000	1.870545	-2.976234	0	73	4	0.003
0.523599	1.870545	-2.976234	138	69	4	0.003
-2.617994	2.164094	-2.991358	0	73	9	0.003
-0.523599	0.379747	-1.713059	137	74	2	0.003
1.570796	0.379747	-1.713059	139	73	135	0.003
2.356194	0.379747	-1.713059	1	64	138	0.003
1.570796	2.187132	-0.479875	135	73	135	0.003
2.617994	2.187132	-0.479875	134	50	139	0.003
-3.141593	0.866955	-0.931351	9	74	133	0.003
-1.832596	2.299159	2.264663	137	69	1	0.003
-1.570796	2.299159	2.264663	135	74	4	0.003
-0.785398	2.299159	2.264663	0	74	1	0.003
-0.523599	2.299159	2.264663	1	71	139	0.003
2.879793	2.299159	2.264663	129	91	139	0.003
-1.308997	1.812176	0.656819	0	74	3	0.003
-1.308997	2.719179	-1.780644	139	70	136	0.003
-1.047198	2.719179	-1.780644	134	55	136	0.003
-1.308997	2.396274	-1.959260	134	74	4	0.003
1.047198	2.396274	-1.959260	137	74	0	0.003
-2.356194	0.866395	-2.492918	2	74	139	0.003
-1.570796	0.866395	-2.492918	1	68	136	0.003
-0.785398	0.866395	-2.492918	2	93	139	0.003
-0.523599	0.866395	-2.492918	0	74	134	0.003
0.785398	0.866395	-2.492918	139	64	4	0.003
2.879793	0.866395	-2.492918	138	74	1	0.003
-3.141593	1.617114	-1.572037	5	74	3	0.003
-0.785398	1.617114	-1.572037	138	68	139	0.003
-0.523599	1.617114	-1.572037	133	74	138	0.003
-0.261799	1.617114	-1.572037	137	69	138	0.003
0.261799	1.617114	-1.572037	132	70	2	0.003
1.047198	1.617114	-1.572037	130	64	132	0.003
-2.879793	0.864993	2.278281	126	69	136	0.003
-2.617994	0.864993	2.278281	133	68	2	0.003
-1.570796	0.864993	2.278281	0	69	134	0.003
-0.261799	0.864993	2.278281	6	68	8	0.003
2.094395	0.864993	2.278281	133	69	137	0.003
-2.617994	2.247462	0.191623	1	68	0	0.003
-0.261799	2.247462	0.191623	5	58	136	0.003
-1.047198	2.724429	-0.348782	138	74	2	0.003
0.261799	2.724429	-0.348782	1	74	0	0.003
1.570796	2.724429	-0.348782	131	70	135	0.003
-1.308997	1.194549	-0.801900	0	59	137	0.003
1.047198	1.194549	-0.801900	134	71	139	0.003
2.094395	1.194549	-0.801900	2	64	131	0.003
2.356194	1.194549	-0.801900	3	68	4	0.003
0.523599	1.504028	0.636812	1	74	5	0.003
1.308997	1.504028	0.636812	134	74	134	0.003
2.879793	2.174483	2.653697	132	74	6	0.003
-0.785398	2.664082	-1.071402	0	70	137	0.003
0.523599	2.664082	-1.071402	135	68	138	0.003
-2.617994	2.579248	-2.364801	1	73	136	0.003
-1.047198	2.579248	-2.364801	132	74	139	0.003
-0.523599	0.899350	-2.069907	2	74	138	0.003
2.617994	0.899350	-2.069907	138	69	137	0.003
-1.308997	2.984978	1.954446	0	63	137	0.003
1.047198	1.766067	2.153843	0	69	6	0.003
-3.141593	1.809167	1.213774	1	69	138	0.003
-1.308997	1.809167	1.213774	138	51	135	0.003
1.832596	1.809167	1.213774	135	68	7	0.003
1.308997	1.135834	-1.431087	134	68	139	0.003
-2.879793	1.909857	-0.381669	8	69	134	0.003
0.523599	1.909857	-0.381669	136	91	132	0.003
2.617994	1.909857	-0.381669	6	68	139	0.003
-1.570796	1.195355	1.200319	0	73	132	0.003
-1.308997	1.195355	1.200319	139	68	1	0.003
2.356194	1.195355	1.200319	131	74	135	0.003
-0.523599	1.310100	1.488307	1	74	138	0.003
2.094395	1.310100	1.488307	131	60	3	0.003
-1.308997	2.153910	-1.714959	1	74	2	0.003
-1.047198	2.153910	-1.714959	136	70	3	0.003
0.523599	2.153910	-1.714959	135	68	8	0.003
0.785398	2.153910	-1.714959	138	74	139	0.003
2.356194	2.153910	-1.714959	1	70	0	0.003
2.617994	2.153910	-1.714959	136	66	139	0.003
-2.356194	1.134497	-1.109631	0	69	136	0.003
0.523599	1.134497	-1.109631	134	74	1	0.003
-2.617994	0.961715	0.014085	2	60	137	0.003
2.356194	0.961715	0.014085	6	69	0	0.003
0.000000	1.367556	0.358405	3	70	1	0.003
2.356194	1.367556	0.358405	2	74	129	0.003
-0.785398	1.440580	2.260026	2	69	4	0.003
-1.308997	2.863997	0.549740	3	63	133	0.003
-1.570796	2.041297	-2.664597	4	60	1	0.003
-0.261799	2.041297	-2.664597	137	73	11	0.003
-2.356194	1.045978	0.343692	137	67	132	0.003
-2.094395	1.045978	0.343692	131	68	137	0.003
-0.523599	1.045978	0.343692	3	48	128	0.003
-0.261799	1.045978	0.343692	0	66	131	0.003
1.832596	0.290380	-0.796960	2	68	5	0.003
-0.261799	1.545873	-1.877082	138	92	4	0.003
2.879793	1.545873	-1.877082	1	74	0	0.003
-2.617994	2.356369	3.005869	0	69	3	0.003
1.570796	1.836682	-0.676006	135	73	0	0.003
2.094395	1.836682	-0.676006	136	67	1	0.003
2.356194	1.836682	-0.676006	0	73	0	0.003
-2.356194	0.591903	2.010408	136	74	135	0.003
0.785398	0.591903	2.010408	4	70	139	0.003
-3.141593	1.256302	0.062705	2	66	136	0.003
1.832596	1.256302	0.062705	3	70	139	0.003
2.356194	1.256302	0.062705	136	71	136	0.003
-2.879793	2.592629	0.909713	130	69	5	0.003
-2.356194	2.592629	0.909713	132	68	137	0.003
-1.308997	2.592629	0.909713	7	63	2	0.003
2.617994	2.592629	0.909713	130	74	1	0.003
1.047198	1.113094	-0.272241	1	55	137	0.003
1.832596	1.113094	-0.272241	136	69	129	0.003
2.617994	1.113094	-0.272241	1	68	2	0.003
-2.094395	2.407836	1.410646	139	74	6	0.003
-0.523599	2.407836	1.410646	0	73	137	0.003
-2.879793	2.089241	-0.114193	0	70	137	0.003
1.308997	2.089241	-0.114193	129	71	129	0.003
-3.141593	0.619654	-2.216909	138	71	0	0.003
-0.261799	0.619654	-2.216909	131	73	138	0.003
0.785398	2.001437	0.381215	134	63	132	0.003
2.094395	2.001437	0.381215	137	72	129	0.003
2.356194	2.001437	0.381215	134	70	139	0.003
-2.617994	2.138223	1.678323	133	71	3	0.003
-2.094395	2.138223	1.678323	0	69	135	0.003
-1.570796	2.138223	1.678323	138	68	5	0.003
-1.047198	2.138223	1.678323	0	68	139	0.003
0.000000	2.138223	1.678323	137	74	4	0.003
-1.570796	2.349581	-2.702517	1	68	2	0.003
-1.308997	2.349581	-2.702517	136	69	4	0.003
0.785398	2.349581	-2.702517	139	64	3	0.003
-2.356194	1.168678	2.108595	135	74	136	0.003
-0.523599	1.168678	2.108595	4	68	139	0.003
2.094395	2.180315	-1.357379	9	67	4	0.003
-0.785398	2.478122	2.609777	2	67	2	0.003
0.261799	2.478122	2.609777	139	64	5	0.003
0.523599	2.478122	2.609777	137	70	5	0.003
2.356194	1.699788	2.452890	135	64	5	0.003
-1.308997	1.184361	0.625864	1	68	137	0.003
-0.523599	2.108018	1.311430	138	70	4	0.003
1.308997	2.108018	1.311430	2	74	0	0.003
1.832596	2.108018	1.311430	135	69	136	0.003
2.617994	2.108018	1.311430	131	73	0	0.003
-3.141593	1.488617	1.159546	1	73	3	0.003
-0.523599	1.325504	-1.671296	0	60	0	0.003
1.047198	1.325504	-1.671296	138	68	135	0.003
1.570796	1.325504	-1.671296	136	73	136	0.003
2.617994	1.325504	-1.671296	6	71	137	0.003
2.617994	1.606104	-0.451151	138	73	133	0.003
-2.094395	1.506530	1.988858	138	66	0	0.003
0.000000	1.506530	1.988858	0	68	1	0.003
2.356194	1.506530	1.988858	135	73	5	0.003
-2.094395	1.977582	0.969896	139	63	136	0.003
-0.523599	1.977582	0.969896	2	73	4	0.003
-2.879793	2.637879	2.121598	134	74	0	0.003
-0.785398	2.637879	2.121598	135	62	138	0.003
0.523599	2.637879	2.121598	139	74	136	0.003
2.094395	2.637879	2.121598	135	71	5	0.003
2.094395	1.218453	2.777284	134	68	4	0.003
-3.141593	1.555207	1.708892	137	74	4	0.003
-2.094395	1.555207	1.708892	0	73	4	0.003
-0.261799	1.555207	1.708892	2	74	3	0.003
1.570796	1.555207	1.708892	7	69	139	0.003
-1.832596	2.295480	1.008277	3	74	137	0.003
2.879793	0.203748	0.590255	135	92	5	0.003
-1.832596	0.571433	-1.188419	0	74	8	0.003
0.523599	0.571433	-1.188419	138	69	134	0.003
0.000000	1.982574	-1.115518	134	73	131	0.003
0.261799	1.982574	-1.115518	138	60	137	0.003
-2.617994	0.297065	2.160177	135	69	135	0.003
-1.570796	0.297065	2.160177	0	67	134	0.003
-0.523599	0.297065	2.160177	1	74	137	0.003
1.308997	0.080730	-2.622036	134	74	9	0.003
0.000000	1.242974	-2.977882	137	69	6	0.003
2.356194	1.872854	1.543456	128	74	2	0.003
1.832596	0.762244	-0.273349	2	73	138	0.003
0.000000	1.050534	3.042579	2	73	3	0.003
2.617994	1.050534	3.042579	3	74	1	0.003
-3.141593	0.733948	3.021411	137	68	138	0.003
-1.047198	0.733948	3.021411	5	69	8	0.003
0.261799	0.733948	3.021411	0	60	1	0.003
2.094395	0.733948	3.021411	136	67	10	0.003
-1.047198	2.588535	-2.976617	137	63	9	0.003
0.785398	2.588535	-2.976617	1	68	2	0.003
2.617994	2.588535	-2.976617	6	73	7	0.003
0.785398	1.391910	3.030322	136	73	138	0.003
-2.356194	0.685216	-1.712745	5	69	133	0.003
2.094395	0.685216	-1.712745	2	71	138	0.003
2.617994	0.685216	-1.712745	133	90	133	0.003
2.879793	2.063651	-2.044600	5	56	8	0.003
1.308997	0.700570	1.559208	3	71	138	0.003
1.570796	0.700570	1.559208	133	73	2	0.003
0.785398	1.025536	1.576859	0	74	4	0.003
1.832596	1.025536	1.576859	139	72	136	0.003
-2.356194	2.251330	-2.330739	139	74	7	0.003
-0.261799	1.374601	-2.456031	138	90	7	0.003
1.570796	1.374601	-2.456031	1	64	7	0.003
-2.617994	1.732874	-0.951685	7	69	1	0.003
0.785398	1.732874	-0.951685	133	74	137	0.003
1.570796	1.732874	-0.951685	132	73	133	0.003
-2.356194	1.824694	1.850876	134	68	1	0.003
-1.832596	1.824694	1.850876	0	63	5	0.003
-1.308997	1.824694	1.850876	1	71	137	0.003
1.047198	1.824694	1.850876	1	56	0	0.003
1.832596	1.824694	1.850876	3	74	5	0.003
2.356194	1.824694	1.850876	139	60	2	0.003
2.879793	1.824694	1.850876	137	74	139	0.003
0.261799	2.704512	1.488683	1	73	9	0.003
1.308997	2.704512	1.488683	1	71	136	0.003
-1.832596	0.910508	1.903534	138	68	137	0.003
-0.261799	0.910508	1.903534	11	55	1	0.003
-1.308997	0.929350	-2.910676	1	69	3	0.003
-1.832596	1.128190	-2.288622	138	74	137	0.003
0.000000	1.128190	-2.288622	136	69	0	0.003
-3.141593	2.881233	-2.582574	4	69	2	0.003
-1.047198	2.881233	-2.582574	134	73	2	0.003
-2.879793	1.696674	-1.253233	6	73	136	0.003
-0.261799	1.696674	-1.253233	135	68	131	0.003
0.261799	1.696674	-1.253233	131	70	2	0.003
1.047198	1.696674	-1.253233	135	68	131	0.003
1.570796	1.696674	-1.253233	136	68	136	0.003
2.094395	1.696674	-1.253233	138	68	2	0.003
2.617994	1.683268	0.374177	135	72	130	0.003
2.879793	1.683268	0.374177	139	74	131	0.003
-2.356194	2.073035	2.027405	136	73	2	0.003
-1.308997	2.073035	2.027405	135	69	0	0.003
-1.308997	1.875281	0.107086	0	68	133	0.003
-1.047198	1.875281	0.107086	6	74	135	0.003
0.000000	1.875281	0.107086	4	71	1	0.003
2.356194	1.875281	0.107086	1	64	133	0.003
-0.785398	1.247695	1.809890	7	69	134	0.003
-0.523599	1.247695	1.809890	7	68	133	0.003
-0.261799	1.247695	1.809890	6	56	138	0.003
0.523599	1.247695	1.809890	3	68	138	0.003
2.617994	1.301460	-0.509251	139	74	139	0.003
-0.785398	1.904882	-1.478089	138	74	138	0.003
2.617994	1.904882	-1.478089	5	67	10	0.003
-2.879793	0.496451	0.593859	134	68	4	0.003
2.094395	0.496451	0.593859	8	67	137	0.003
2.356194	0.496451	0.593859	137	95	133	0.003
-1.832596	2.379497	0.561089	3	74	3	0.003
-1.308997	2.379497	0.561089	1	74	2	0.003
-1.047198	2.379497	0.561089	9	68	1	0.003
1.308997	2.379497	0.561089	135	74	138	0.003
-3.141593	1.433411	-1.035986	138	91	2	0.003
-2.879793	1.433411	-1.035986	2	68	132	0.003
-2.617994	1.433411	-1.035986	3	66	135	0.003
-0.261799	1.433411	-1.035986	134	95	135	0.003
-2.094395	1.658653	-2.409879	9	55	5	0.003
0.000000	1.658653	-2.409879	137	64	3	0.003
0.523599	1.658653	-2.409879	133	69	0	0.003
2.356194	1.658653	-2.409879	137	73	7	0.003
-3.141593	1.214854	-1.966664	6	72	0	0.003
0.523599	1.214854	-1.966664	139	73	8	0.003
1.570796	1.214854	-1.966664	0	69	137	0.003
2.094395	1.214854	-1.966664	136	68	139	0.003
2.356194	1.214854	-1.966664	0	69	139	0.003
-2.617994	0.914445	2.687814	133	69	2	0.003
-1.832596	0.914445	2.687814	1	62	139	0.003
0.785398	0.914445	2.687814	134	71	6	0.003
2.356194	0.914445	2.687814	0	68	10	0.003
2.094395	1.135813	-2.658866	136	68	136	0.003
-1.832596	1.448123	-2.163292	0	74	2	0.003
2.879793	1.448123	-2.163292	9	60	13	0.003
2.356194	2.455966	-0.641220	5	67	136	0.003
-1.570796	1.662363	0.915448	137	68	127	0.003
-0.785398	1.662363	0.915448	8	74	4	0.003
2.094395	1.662363	0.915448	132	74	2	0.003
-2.094395	0.960688	-0.577532	3	91	132	0.003
2.879793	2.478122	2.609777	135	91	139	0.003
0.785398	0.419640	2.974122	129	62	135	0.003
-1.832596	1.836682	-0.676006	2	63	139	0.003
-0.785398	1.448123	-2.163292	1	65	1	0.003
0.261799	1.504028	0.636812	1	90	131	0.003
1.308997	1.218453	2.777284	0	66	15	0.003
-1.570796	0.615174	-0.666022	136	64	129	0.003
1.570796	1.869911	2.701025	0	64	6	0.003
-2.094395	0.615174	-0.666022	139	91	132	0.003
0.523599	1.555207	1.708892	139	91	136	0.003
1.047198	0.615174	-0.666022	5	64	0	0.003
1.308997	2.404280	-0.174044	135	64	135	0.003
1.570796	0.203748	0.590255	3	68	131	0.003
-2.094395	2.478122	2.609777	1	64	3	0.003
1.832596	1.504028	0.636812	135	67	138	0.003
